year,day,time,ws,wd,wd-sd,panel C,box C,LiCor,LiCor-sd,LiCor-min,LiCor-max,KZ,KZ-SD,KZ-min,KZ-max,Rad T,Rad T SD,Rad T min,Rad T max,Air C,Air C-sd,Air C-min,Air C-max,Air C,Air C-sd,Air C-min,Air C-max,RH,RH-sd,RH-min,RH-max,Air2 C min,Air2 C max,Batt V
2002,270,1010,3.055,318.4,11.56,15.97,15.89,129.7,7.82,114.7,139.7,0,0,0,0,92.6,9.55,71.7,115.3,15.9,0.095,15.73,16.06,15.16,0.036,15.09,15.22,83.5,0.138,83.2,83.9,15.24,15.32,12.82
2002,270,1020,3.332,320.5,7.65,16.1,15.99,139,4.523,130.1,144.1,0,0,0,0,117.2,4.359,109,123.5,16.15,0.05,16.06,16.22,15.16,0.028,15.13,15.22,83.9,0.239,83.5,84.2,15.23,15.31,12.94
2002,270,1030,3.031,321.5,12.01,16.28,16.24,178.1,22.35,140.7,204.2,0,0,0,0,152.6,23.3,117.8,180.7,16.36,0.101,16.22,16.53,15.19,0.046,15.12,15.26,84.1,0.121,83.8,84.3,15.32,15.42,13.17
2002,270,1040,3.171,321.2,13.81,16.32,16.27,186.2,26.18,155.3,254,0,0,0,0,155.7,25.19,124.8,213.1,16.65,0.082,16.53,16.82,15.16,0.044,15.08,15.25,84.5,0.339,83.9,85.1,15.31,15.45,13.19
2002,270,1050,2.992,321,14.09,16.37,16.36,192.5,56.7,129.7,314.4,0,0,0,0,161.7,48.99,103.1,272.1,16.99,0.079,16.83,17.11,15.35,0.058,15.23,15.42,83.9,0.406,83.4,84.6,15.56,15.67,13.19
2002,270,1100,2.556,334.5,14.29,16.49,16.69,333.1,16.47,301,357.3,0,0,0,0,296.3,12.88,273.4,311.7,17.51,0.275,17.12,18.01,15.41,0.067,15.34,15.57,83.7,0.218,83.1,84,15.85,16.14,13.18
2002,270,1110,2.81,325.1,32.39,16.77,17.25,488.4,144.1,353,956,-0.037,0.045,-0.093,0,407.2,105.5,307.3,689.8,18.6,0.41,18.02,19.47,15.74,0.168,15.56,16.16,82.3,0.81,80.5,83.3,16.39,17.08,13.17
2002,270,1120,4.869,282.6,19.97,17.28,18.24,710,145.8,510.1,1120,-0.088,0.02,-0.093,0,606.4,108.1,422.3,868,20.25,0.432,19.5,20.82,16.65,0.188,16.18,16.84,76.8,1.32,75.5,80.4,17.38,17.91,13.16
2002,270,1130,4.618,287.3,17.87,17.83,18.23,314.7,83,245,501.3,-0.023,0.04,-0.093,0,223.2,81.8,151.8,410.1,20.79,0.142,20.42,20.92,16.82,0.025,16.77,16.88,75.4,0.325,74.6,75.9,17.05,17.13,13.16
2002,270,1140,4.534,282.2,16.95,17.98,17.97,243.6,8.54,232.1,258.4,-0.04,0.052,-0.093,0.093,172.3,2.85,167.5,176.9,19.9,0.307,19.38,20.41,16.6,0.092,16.42,16.77,76.3,0.377,75.6,77.4,16.78,17,13.16
2002,270,1150,5.056,294.2,13.31,17.94,17.78,312.6,57.73,232.9,422.7,-0.073,0.038,-0.093,0,247.5,53.8,171.9,343.4,18.99,0.204,18.69,19.37,16.19,0.164,15.94,16.42,78.7,0.925,77.2,80.1,16.27,16.54,13.16
2002,270,1200,5.201,288.6,15.19,17.83,17.54,255.2,29.56,232.7,350.5,-0.062,0.053,-0.093,0.093,197.2,24.41,178.5,271.8,18.45,0.124,18.26,18.68,15.96,0.067,15.86,16.1,80,0.456,79.1,80.8,16.13,16.35,13.16
2002,270,1210,5.587,289.5,16.62,17.72,17.51,374.1,45.87,306.6,465.5,-0.079,0.033,-0.093,0,313,39.15,261.1,389.6,18.29,0.061,18.23,18.42,16.2,0.071,16.09,16.3,78.7,0.368,78.1,79.5,16.43,16.62,13.16
2002,270,1220,5.375,282,17.82,17.73,17.65,603.5,127.9,379.6,789,-0.091,0.012,-0.093,0,506.3,119.2,309.8,658.9,18.76,0.256,18.41,19.28,16.3,0.084,16.21,16.48,78.4,0.287,77.7,78.8,16.7,16.99,13.16
2002,270,1230,6.365,282.1,13.2,17.89,17.96,776,92.9,627.9,897,-0.088,0.02,-0.093,0,653.4,76.3,544.5,761,19.83,0.309,19.3,20.34,16.49,0.025,16.43,16.54,77.8,0.331,76.8,78.4,16.87,17.03,13.15
2002,270,1240,6.92,284.1,13.54,18.16,18.27,838,119.8,435.4,949,-0.085,0.026,-0.093,0,695.9,54.52,521.6,763,20.79,0.254,20.35,21.15,16.61,0.102,16.46,16.78,77.4,0.471,76,78.1,17.03,17.22,13.15
2002,270,1250,6.841,274.9,17.99,18.44,18.49,835,81.6,609.6,931,-0.06,0.044,-0.093,0,676,59.42,525,740,21.41,0.118,21.16,21.62,16.73,0.055,16.6,16.82,76.8,0.356,76,77.5,17.25,17.51,13.15
2002,270,1300,7.4,277.3,17.01,18.64,18.63,860,62.36,706,960,-0.06,0.044,-0.093,0,683.8,52.8,547.3,768,21.7,0.038,21.62,21.76,16.77,0.108,16.59,16.92,76.2,0.433,75.4,77.2,17.31,17.7,13.15
2002,270,1310,7.11,277.7,15.08,18.75,18.63,751,209.2,332.6,1013,-0.026,0.042,-0.093,0,609,147.9,366,808,21.62,0.07,21.48,21.76,16.58,0.052,16.49,16.67,77.3,0.423,76.4,77.9,17.11,17.37,13.14
2002,270,1320,7.48,286.8,14.34,18.75,18.45,450.8,197.2,274.8,1011,-0.032,0.044,-0.093,0,322,146.2,172.5,749,20.88,0.383,20.28,21.46,16.25,0.131,16.1,16.52,79.4,0.906,77.6,80.7,16.48,16.82,13.14
2002,270,1330,7.62,284.5,17.05,18.63,18.46,940,65.19,764,1039,-0.023,0.04,-0.093,0,800,40.29,728,872,20.43,0.198,20.22,20.87,16.28,0.121,16.08,16.52,79.9,0.519,78.6,81.1,16.84,17.21,13.14
2002,270,1340,7.4,276.2,17.99,18.68,18.71,809,106.4,607.7,1086,-0.039,0.046,-0.093,0,660.4,70.1,516.8,778,21.19,0.168,20.9,21.46,16.66,0.121,16.5,16.95,79,0.297,78.5,79.8,17.33,17.59,13.14
2002,270,1350,7.52,279.6,16.11,18.83,18.95,732,89.4,481.7,868,-0.031,0.044,-0.093,0,588.2,68.88,406.9,685.2,21.7,0.134,21.45,21.88,17.22,0.146,16.93,17.46,77.5,0.691,76,78.9,17.69,18.03,13.14
2002,270,1400,6.498,269.5,21.52,18.97,18.91,470.7,66.38,386,637.2,-0.034,0.045,-0.093,0,360.7,66.36,273.7,530,21.54,0.188,21.31,21.83,17.21,0.064,17.13,17.33,77.9,0.468,77.1,78.8,17.65,17.94,13.14
2002,270,1410,6.375,265.6,19.62,19,18.87,439.2,50.97,380.4,690.8,-0.037,0.045,-0.093,0,341,33.51,292.5,443.3,20.98,0.146,20.75,21.33,17.18,0.061,17.07,17.33,78.4,0.474,77.3,79.5,17.68,17.98,13.14
2002,270,1420,6.86,275.2,21.69,18.99,18.81,467.6,153.4,353,916,-0.032,0.044,-0.093,0,380.1,126.6,271.8,673.3,20.65,0.119,20.43,20.83,16.97,0.064,16.88,17.11,79.3,0.312,78.7,80.2,17.39,17.71,13.14
2002,270,1430,6.444,272.5,19.68,18.92,18.69,565.6,170.4,342.3,815,-0.04,0.046,-0.093,0,453,143.3,286.5,678.3,20.39,0.103,20.27,20.62,16.92,0.063,16.83,17.09,79.3,0.465,78.4,80.3,17.43,17.91,13.14
2002,270,1440,7.1,276.3,19.02,18.93,19.07,738,27.18,629.5,786,-0.037,0.045,-0.093,0,599.3,36.78,523.1,669.5,21.16,0.303,20.65,21.54,17.22,0.102,17.06,17.37,77.9,0.473,76.9,78.9,17.83,18.24,13.14
2002,270,1450,6.614,276.9,19.58,19.06,19.17,680.7,12,646,707,-0.039,0.046,-0.093,0,519.8,12.09,497.3,538.2,21.85,0.111,21.57,21.99,17.24,0.07,17.1,17.53,78.4,0.398,77.5,79.2,17.87,18.16,13.14
2002,270,1500,6.561,281.1,19.81,19.17,19.3,652.9,7.59,639.8,665.9,-0.019,0.037,-0.093,0,489,8.43,474.1,501.7,22.05,0.037,21.99,22.13,17.25,0.031,17.19,17.31,78.1,0.362,77.3,78.7,17.82,18.07,13.13
2002,270,1510,6.395,278.3,21.33,19.28,19.4,630,5.782,621.9,641,-0.009,0.028,-0.093,0,465.6,6.329,456.8,476.6,22.17,0.037,22.09,22.23,17.36,0.055,17.24,17.49,77.5,0.554,75.9,78.6,17.94,18.22,13.13
2002,270,1520,7.32,277.5,16.94,19.38,19.45,608.2,10.07,591.6,626.5,-0.005,0.02,-0.093,0,447.7,8.98,431.7,466.5,22.17,0.042,22.1,22.27,17.43,0.045,17.35,17.51,76,0.352,75.2,76.8,18.02,18.3,13.13
2002,270,1530,7,281.6,18.68,19.45,19.51,583.9,3.35,573,591.8,-0.006,0.023,-0.093,0,427.2,2.591,422.2,431.4,22.1,0.023,22.06,22.15,17.53,0.051,17.41,17.61,75.8,0.306,75.1,76.4,18.04,18.23,13.13
2002,270,1540,7.63,282.3,15.52,19.5,19.49,563.1,12.28,545.1,585.1,-0.002,0.012,-0.093,0,405.8,13.17,387.1,425.1,21.97,0.101,21.76,22.11,17.32,0.169,17.02,17.58,77.3,1.059,75.3,79.1,17.75,18.08,13.13
2002,270,1550,7.62,280.9,18.8,19.49,19.36,531.5,6.411,519.9,542.8,-0.005,0.02,-0.093,0,381.8,4.659,369.2,387.4,21.7,0.047,21.55,21.77,17.13,0.089,17,17.26,78.5,0.377,77.5,79.2,17.56,17.81,13.13
2002,270,1600,7.8,282.5,16.42,19.43,19.23,494.7,59.88,235.4,527.9,-0.008,0.026,-0.093,0,354,26.18,249.8,378.3,21.43,0.127,21.22,21.63,16.89,0.073,16.79,17.01,80,0.363,79.2,80.7,17.37,17.68,13.13
2002,270,1610,7.17,288.4,19.89,19.3,18.98,419,103.4,124.9,495.5,-0.017,0.036,-0.093,0,297.9,49.26,167.8,347.8,21.04,0.108,20.8,21.2,16.72,0.058,16.63,16.81,80.2,0.241,79.6,80.7,17.08,17.23,13.13
2002,270,1620,6.604,296,16.44,19.16,18.85,183.7,60.28,104.3,393.9,-0.017,0.036,-0.093,0,198,76.7,56.24,307.6,20.51,0.226,20.08,20.81,16.58,0.07,16.42,16.66,80.4,0.297,79.8,80.9,16.84,17.09,13.13
2002,270,1630,7.03,291.6,18.03,18.97,18.51,272.8,95.2,122.6,426.4,-0.02,0.038,-0.093,0,189.3,68.27,106.8,316.7,19.66,0.195,19.41,20.05,16.38,0.018,16.34,16.42,80.9,0.202,80.6,81.3,16.62,16.88,13.14
2002,270,1640,7.44,277,15.51,18.78,18.47,277.9,99.8,126.3,418.2,-0.04,0.046,-0.093,0,206.8,85,87,319.8,19.48,0.064,19.37,19.6,16.45,0.039,16.36,16.53,80.1,0.304,79.6,80.8,16.88,17,13.14
2002,270,1650,6.093,282.1,15.57,18.64,18.33,265.4,77.7,110.3,365.5,-0.045,0.046,-0.093,0,194,62.34,71.6,271.5,19.37,0.063,19.28,19.5,16.45,0.062,16.34,16.55,79.8,0.411,79,80.5,16.87,17.14,13.14
2002,270,1700,6.146,274.5,16.3,18.5,18.02,125.5,55.08,70.9,286.2,-0.066,0.045,-0.093,0.093,69.95,39.52,23.56,156.1,18.95,0.231,18.58,19.3,16.32,0.077,16.19,16.44,80,0.33,79.5,80.6,16.59,16.71,13.14
2002,270,1710,6.765,281.1,16.22,18.28,17.76,128.9,80.1,55.44,297.4,-0.057,0.045,-0.093,0,80.9,64.75,12.57,189.5,18.33,0.191,17.97,18.56,16.11,0.074,15.98,16.21,80.8,0.336,80.1,81.5,16.33,16.6,13.07
2002,270,1720,6.306,278.4,16.66,18.02,17.39,67.54,16.89,46.64,120.1,-0.057,0.045,-0.093,0,37.36,13.87,15.4,74.1,17.61,0.192,17.3,17.96,15.99,0.017,15.95,16.03,81.3,0.129,81,81.5,16.17,16.27,13.02
2002,270,1730,6.159,279.8,15.66,17.74,17.09,40.75,2.979,36,47.56,-0.029,0.043,-0.093,0,6.577,2.887,2.514,13.82,16.96,0.198,16.62,17.27,15.87,0.105,15.64,15.98,82.1,0.753,81.2,83.7,15.93,16.08,12.93
2002,270,1740,5.537,287.5,18.91,17.43,16.72,33.77,2.555,28.77,38.75,-0.023,0.04,-0.093,0,2.158,1.69,-1.866,5.341,16.28,0.189,15.95,16.6,15.42,0.135,15.18,15.64,85.1,0.807,83.7,86.5,15.43,15.68,12.86
2002,270,1750,6.482,283.3,15.79,17.1,16.35,26.43,2.163,23.91,31.14,-0.011,0.03,-0.093,0,-0.707,2.097,-4.105,3.456,15.7,0.14,15.48,15.94,15.05,0.059,14.97,15.18,87.5,0.491,86.5,88.2,15.11,15.23,12.8
2002,270,1800,6.242,281.3,17.31,16.78,16.15,24.33,2.013,20.96,29.03,-0.006,0.023,-0.093,0,6.588,2.787,2.514,11.31,15.41,0.028,15.37,15.48,15.08,0.078,14.96,15.23,88,0.303,87.3,88.3,15.22,15.39,12.75
2002,270,1810,5.175,284.1,16.59,16.57,16.09,17.44,1.315,15.11,20.56,-0.002,0.012,-0.093,0,3.85,2.768,-2.239,8.17,15.41,0.017,15.38,15.44,15.33,0.048,15.23,15.41,86.7,0.276,86.3,87.3,15.46,15.5,12.71
2002,270,1820,5.69,278.8,17.09,16.45,16.07,12.93,1.028,11.23,14.78,0,0,0,0,3.171,2.202,-1.12,7.23,15.47,0.01,15.44,15.48,15.4,0.014,15.38,15.43,86.3,0.064,86.2,86.4,15.49,15.52,12.68
2002,270,1830,5.735,283,20.75,16.36,15.98,10.38,0.607,9.39,11.63,0,0,0,0,-3.432,4.301,-11.94,2.514,15.41,0.039,15.33,15.47,15.28,0.066,15.17,15.39,87.2,0.496,86.4,88,15.3,15.48,12.65
2002,270,1840,5.194,287,20.99,16.24,15.85,7.41,1.375,5.059,9.53,-0.002,0.012,-0.093,0,-1.966,3.578,-11.57,0.628,15.25,0.048,15.18,15.34,15.09,0.046,15.02,15.19,88.5,0.336,87.9,89,15.12,15.24,12.64
2002,270,1850,5.154,290.1,19.25,16.12,15.75,3.518,1.17,1.905,6.307,0,0,0,0,-1.593,0.65,-3.732,-0.746,15.13,0.025,15.09,15.18,15.01,0.016,14.98,15.04,89.2,0.1,89,89.3,15.06,15.1,12.63
2002,270,1900,5.591,290.2,19.49,16.01,15.67,0.907,0.538,0.197,1.971,0,0,0,0,-3.179,0.748,-4.852,-1.866,15.05,0.024,15.01,15.09,14.96,0.025,14.92,15.01,89.5,0.144,89.3,89.8,15.01,15.06,12.62
2002,270,1910,5.378,286.2,19.07,15.91,15.58,-0.272,0.212,-0.657,0.131,0,0,0,0,-4.274,0.284,-4.852,-3.733,14.98,0.02,14.94,15.01,14.91,0.054,14.85,15.27,89.8,0.1,89.6,90,14.95,15,12.61
2002,270,1920,5.275,283.2,17.28,15.81,15.51,-0.731,0.101,-0.854,-0.197,0,0,0,0,-4.566,0.584,-6.346,-3.733,14.92,0.011,14.9,14.95,14.85,0.013,14.82,14.89,90,0.053,89.9,90.1,14.92,14.96,12.61
2002,270,1930,4.29,277,22.83,15.73,15.44,-0.832,0.056,-0.985,-0.788,0,0,0,0,-4.081,0.296,-4.479,-3.359,14.89,0.014,14.86,14.91,14.83,0.016,14.79,14.86,90,0.049,89.9,90.2,14.92,14.95,12.6
2002,270,1940,3.843,281.2,20.63,15.65,15.38,-0.909,0.027,-0.985,-0.854,0,0,0,0,-4,0.442,-4.853,-3.359,14.85,0.009,14.83,14.87,14.81,0.011,14.79,14.84,90.1,0.026,90.1,90.2,14.91,14.94,12.59
2002,270,1950,4.104,273.2,24.07,15.58,15.33,-0.942,0.041,-0.985,-0.854,0,0,0,0,-3.633,0.165,-3.733,-3.359,14.82,0.008,14.8,14.83,14.79,0.012,14.76,14.82,90.2,0.047,90.1,90.3,14.87,14.88,12.59
2002,270,2000,3.141,275.5,22.19,15.51,15.28,-1.014,0.065,-1.117,-0.92,0,0,0,0,-3.459,0.165,-3.733,-3.359,14.79,0.008,14.77,14.8,14.76,0.01,14.74,14.78,90.3,0.031,90.2,90.4,14.86,14.88,12.59
2002,270,2010,4.094,276.6,21.4,15.46,15.23,-1.042,0.102,-1.117,-0.723,0,0,0,0,-4.013,0.455,-4.479,-2.986,14.75,0.01,14.74,14.78,14.71,0.024,14.67,14.76,90.2,0.154,89.8,90.4,14.82,14.86,12.58
2002,270,2020,4.518,285.2,18.17,15.4,15.18,-0.814,0.062,-0.985,-0.657,0,0,0,0,-3.415,0.553,-4.479,-2.613,14.74,0.006,14.73,14.76,14.74,0.02,14.69,14.77,89.6,0.114,89.4,89.9,14.83,14.86,12.58
2002,270,2030,4.607,293.3,18.27,15.35,15.13,-1.076,0.224,-1.511,-0.723,0,0,0,0,-3.664,0.357,-4.479,-2.986,14.7,0.028,14.65,14.75,14.71,0.021,14.66,14.75,89.7,0.259,89.3,90.1,14.76,14.83,12.58
2002,270,2040,4.851,281,17.5,15.29,15.07,-1.082,0.249,-1.445,-0.723,0,0,0,0,-3.826,0.222,-4.479,-3.359,14.64,0.009,14.62,14.66,14.64,0.021,14.61,14.68,89.8,0.268,89.4,90.2,14.72,14.76,12.57
2002,270,2050,4.58,286.6,16.26,15.23,15.04,-0.541,0.113,-0.788,-0.329,0,0,0,0,-4.871,0.198,-5.226,-4.479,14.67,0.013,14.64,14.68,14.69,0.019,14.65,14.72,89.1,0.181,88.8,89.4,14.78,14.8,12.57
2002,270,2100,4.69,281.4,15.85,15.19,15.02,-0.398,0.056,-0.46,-0.329,0,0,0,0,-5.811,0.493,-6.719,-4.853,14.7,0.007,14.68,14.71,14.73,0.016,14.69,14.77,88.8,0.085,88.6,88.9,14.8,14.83,12.57
2002,270,2110,4.948,279.3,13.95,15.15,14.99,-0.381,0.068,-0.46,-0.263,0,0,0,0,-5.475,0.522,-6.719,-4.853,14.68,0.005,14.67,14.69,14.7,0.012,14.68,14.74,88.7,0.155,88.4,88.9,14.77,14.8,12.56
2002,270,2120,5.035,276.6,16.59,15.12,14.95,-0.261,0.063,-0.46,-0.197,0,0,0,0,-7.63,0.813,-9.33,-6.346,14.67,0.009,14.65,14.69,14.7,0.009,14.68,14.72,88.2,0.086,88.1,88.4,14.77,14.79,12.56
2002,270,2130,5.589,285.8,14.02,15.08,14.91,-0.188,0.054,-0.329,-0.066,0,0,0,0,-12.51,2.568,-18.29,-8.96,14.64,0.007,14.63,14.65,14.69,0.01,14.66,14.71,88.2,0.061,88.1,88.3,14.73,14.76,12.56
2002,270,2140,5.956,279.6,13.02,15.03,14.84,-0.413,0.364,-1.183,-0.066,0,0,0,0,-18.39,1.923,-20.9,-14.56,14.6,0.024,14.54,14.63,14.68,0.013,14.65,14.7,87.9,0.17,87.7,88.3,14.72,14.75,12.56
2002,270,2150,5.169,278.2,16.62,14.96,14.75,-1.172,0.059,-1.248,-1.051,0,0,0,0,-22.78,1.176,-24.26,-20.16,14.46,0.043,14.39,14.54,14.61,0.033,14.55,14.68,88.5,0.195,88.1,88.8,14.63,14.68,12.55
2002,270,2200,4.714,284.8,15.74,14.87,14.66,-1.088,0.06,-1.183,-0.986,0,0,0,0,-21.61,1.85,-24.26,-17.92,14.37,0.02,14.34,14.4,14.54,0.02,14.49,14.57,89,0.113,88.8,89.2,14.55,14.59,12.55
2002,270,2210,4.409,280.1,17.03,14.79,14.61,-0.987,0.056,-1.117,-0.854,0,0,0,0,-16.56,0.988,-19.04,-14.93,14.33,0.007,14.31,14.34,14.49,0.011,14.47,14.51,89.2,0.072,89,89.3,14.52,14.54,12.55
2002,270,2220,4.338,274.2,17.47,14.73,14.55,-0.94,0.136,-1.117,-0.591,0,0,0,0,-18.53,1.215,-22.02,-17.17,14.3,0.009,14.29,14.31,14.45,0.017,14.41,14.49,89.2,0.117,88.9,89.3,14.49,14.51,12.55
2002,270,2230,3.673,278.8,19.63,14.68,14.49,-0.607,0.044,-0.723,-0.526,0,0,0,0,-20.86,1.572,-23.14,-17.92,14.29,0.005,14.27,14.3,14.45,0.01,14.43,14.47,88.8,0.086,88.7,89,14.49,14.5,12.54
2002,270,2240,2.825,285.8,25.36,14.63,14.46,-0.627,0.035,-0.723,-0.591,0,0,0,0,-12.61,4.689,-20.16,-6.719,14.26,0.007,14.25,14.28,14.44,0.011,14.41,14.47,88.9,0.058,88.8,89,14.47,14.49,12.54
2002,270,2250,2.49,267,24.54,14.6,14.46,-0.553,0.08,-0.723,-0.394,0,0,0,0,-9.14,3.155,-14.56,-4.48,14.27,0.005,14.25,14.28,14.44,0.011,14.41,14.47,88.9,0.055,88.8,89,14.48,14.5,12.54
2002,270,2300,1.982,294.2,33.37,14.58,14.45,-0.519,0.041,-0.591,-0.46,0,0,0,0,-9.41,1.49,-11.2,-5.6,14.26,0.008,14.24,14.27,14.39,0.024,14.34,14.43,89,0.043,89,89.1,14.43,14.47,12.54
2002,270,2310,1.637,302.4,38.83,14.56,14.41,-0.235,0.19,-0.394,0.131,0,0,0,0,-7.09,2.774,-10.83,-3.733,14.23,0.01,14.22,14.25,14.3,0.041,14.21,14.35,88.8,0.257,88.2,89,14.37,14.39,12.53
2002,270,2320,0.859,308.4,47.19,14.53,14.39,0.316,0.112,0.131,0.46,0,0,0,0,-7.81,1.121,-10.08,-5.226,14.23,0.004,14.22,14.24,14.25,0.014,14.21,14.28,88,0.235,87.7,88.4,14.35,14.37,12.53
2002,270,2330,1.061,28.18,67.7,14.51,14.37,0.463,0.051,0.394,0.591,0,0,0,0,-10.14,2.134,-14.19,-7.47,14.22,0.015,14.19,14.24,14.28,0.016,14.25,14.31,87.7,0.053,87.6,87.8,14.37,14.39,12.53
2002,270,2340,1.167,47.88,33.94,14.47,14.31,0.362,0.049,0.263,0.46,0,0,0,0,-10.43,2.25,-14.19,-6.719,14.14,0.028,14.1,14.19,14.26,0.018,14.21,14.29,87.7,0.069,87.6,87.8,14.3,14.35,12.52
2002,270,2350,1.035,30.04,25.78,14.43,14.25,0.337,0.052,0.263,0.394,0,0,0,0,-7.53,1.409,-11.95,-5.973,14.07,0.012,14.05,14.1,14.2,0.015,14.17,14.24,87.9,0.122,87.7,88.1,14.25,14.27,12.52
2002,271,0,1.326,11.28,65.12,14.37,14.18,0.265,0.024,0.197,0.329,0,0,0,0,-13.53,2.047,-16.43,-8.96,14.03,0.015,14,14.05,14.18,0.018,14.13,14.21,88.1,0.052,88,88.2,14.22,14.25,12.52
2002,271,10,0.673,355,22.74,14.3,14.08,0.21,0.052,0.131,0.263,0,0,0,0,-9.52,1.792,-13.07,-6.72,13.98,0.015,13.95,14,14.14,0.02,14.1,14.18,88.3,0.021,88.3,88.4,14.17,14.19,12.52
2002,271,20,1.467,318.6,32.62,14.24,14.01,0.091,0.08,-0.131,0.263,0,0,0,0,-20.38,11.09,-33.6,-5.973,13.93,0.017,13.89,13.95,14.09,0.011,14.07,14.12,88.7,0.147,88.3,88.9,14.12,14.15,12.51
2002,271,30,1.974,291.9,16.08,14.14,13.87,-0.172,0.073,-0.263,0,0,0,0,0,-30.38,1.965,-33.6,-27.63,13.85,0.029,13.8,13.9,14.07,0.017,14.03,14.1,89,0.089,88.8,89.2,14.07,14.1,12.51
2002,271,40,2.139,285.6,24.95,14.03,13.74,-0.421,0.098,-0.526,-0.263,0,0,0,0,-35.4,2.16,-37.71,-31.36,13.72,0.04,13.65,13.79,13.98,0.035,13.91,14.05,89.3,0.104,89,89.4,13.96,14.03,12.51
2002,271,50,2.002,266.1,22.59,13.9,13.6,-0.557,0.08,-0.657,-0.394,0,0,0,0,-33.97,2.659,-37.71,-28.37,13.6,0.033,13.54,13.64,13.89,0.049,13.82,14.21,89.4,0.105,89.1,89.6,13.88,13.91,12.51
2002,271,100,1.458,287.7,18.33,13.78,13.45,-0.542,0.087,-0.657,-0.394,0,0,0,0,-37.74,1.232,-39.95,-35.47,13.5,0.034,13.43,13.55,13.84,0.015,13.81,13.87,89.3,0.059,89.2,89.5,13.81,13.84,12.5
2002,271,110,1.304,282,20.22,13.64,13.31,-0.762,0.098,-0.92,-0.526,0,0,0,0,-35.88,1.533,-37.71,-32.11,13.36,0.04,13.29,13.43,13.78,0.025,13.72,13.83,89.5,0.103,89.3,89.7,13.73,13.79,12.5
2002,271,120,1.983,279.4,15.25,13.51,13.21,-1.005,0.071,-1.117,-0.854,0,0,0,0,-31.79,0.718,-33.6,-30.99,13.26,0.017,13.24,13.29,13.73,0.018,13.69,13.76,89.9,0.109,89.7,90,13.69,13.73,12.5
2002,271,130,1.041,297.6,25.21,13.42,13.13,-1.129,0.056,-1.249,-0.986,0,0,0,0,-28.49,2.622,-32.11,-22.4,13.21,0.02,13.18,13.25,13.66,0.026,13.61,13.72,90.1,0.081,89.9,90.2,13.62,13.68,12.49
2002,271,140,0.67,335.9,24.75,13.35,13.08,-1.231,0.036,-1.249,-1.117,0,0,0,0,-10.17,8.38,-22.03,-1.12,13.17,0.006,13.16,13.18,13.62,0.012,13.59,13.65,90.3,0.037,90.2,90.4,13.6,13.61,12.49
2002,271,150,1.072,312.1,26.54,13.33,13.15,-1.072,0.071,-1.183,-0.854,0,0,0,0,-8.92,1.783,-10.83,-4.48,13.21,0.024,13.18,13.26,13.63,0.02,13.59,13.67,90.5,0.088,90.3,90.6,13.64,13.69,12.49
2002,271,200,0.857,316,30.44,13.36,13.23,-0.678,0.139,-0.986,-0.329,0,0,0,0,-2.016,0.93,-4.48,-0.747,13.32,0.036,13.26,13.37,13.67,0.01,13.65,13.69,90.4,0.044,90.4,90.5,13.71,13.72,12.48
2002,271,210,0.361,305.9,15.49,13.41,13.32,-0.391,0.066,-0.591,-0.263,0,0,0,0,-2.24,1.027,-3.733,-0.747,13.43,0.026,13.38,13.48,13.68,0.01,13.65,13.7,90.5,0.03,90.4,90.5,13.75,13.76,12.48
2002,271,220,1.35,276.5,25.48,13.46,13.38,0.059,0.185,-0.263,0.329,0,0,0,0,-5.837,2.147,-9.71,-3.733,13.52,0.028,13.47,13.56,13.71,0.022,13.67,13.75,90.2,0.187,89.8,90.5,13.78,13.82,12.48
2002,271,230,1.429,279.2,23.76,13.49,13.38,0.706,0.176,0.329,0.986,0,0,0,0,-4.66,1.659,-7.84,-2.613,13.6,0.027,13.55,13.64,13.75,0.02,13.7,13.78,89.4,0.209,89.1,89.8,13.83,13.86,12.48
2002,271,240,1.588,284.3,17.43,13.53,13.44,1.082,0.056,0.986,1.249,0,0,0,0,-7.4,2.56,-10.83,-3.733,13.67,0.012,13.64,13.69,13.82,0.021,13.77,13.86,89.1,0.068,89,89.2,13.88,13.9,12.47
2002,271,250,1.489,267.4,19.4,13.57,13.51,1.218,0.069,1.051,1.38,0,0,0,0,-8.04,0.871,-9.33,-6.72,13.69,0.007,13.67,13.7,13.84,0.008,13.82,13.86,89.1,0.036,89.1,89.2,13.9,13.92,12.47
2002,271,300,1.07,283.3,15.89,13.61,13.54,1.3,0.045,1.249,1.38,0,0,0,0,-7.11,0.762,-8.96,-5.973,13.7,0.004,13.68,13.71,13.83,0.009,13.81,13.85,89.1,0.03,89.1,89.2,13.88,13.9,12.46
2002,271,310,0.679,352.9,18.24,13.63,13.56,1.288,0.036,1.248,1.38,0,0,0,0,-8.35,0.528,-8.96,-7.09,13.66,0.02,13.62,13.7,13.77,0.028,13.72,13.83,89.2,0.101,89,89.3,13.8,13.88,12.46
2002,271,320,0.727,18.63,24.66,13.63,13.54,1.25,0.025,1.183,1.314,0,0,0,0,-6.477,0.549,-7.84,-5.973,13.58,0.019,13.56,13.63,13.72,0.017,13.69,13.75,89.5,0.127,89.3,89.7,13.73,13.77,12.46
2002,271,330,0.867,67.35,19.55,13.62,13.53,1.32,0.051,1.248,1.38,0,0,0,0,-5.034,0.592,-6.347,-4.48,13.55,0.005,13.54,13.56,13.68,0.016,13.64,13.71,89.7,0.03,89.6,89.7,13.71,13.73,12.46
2002,271,340,1.012,61.88,24.12,13.62,13.54,1.412,0.042,1.314,1.511,0,0,0,0,-5.395,0.3,-5.973,-4.853,13.54,0.005,13.53,13.55,13.64,0.016,13.61,13.67,89.7,0.024,89.6,89.7,13.67,13.71,12.45
2002,271,350,0.605,88.5,40.88,13.62,13.53,1.533,0.053,1.446,1.643,0,0,0,0,-6.502,0.393,-7.09,-5.973,13.54,0.007,13.52,13.56,13.64,0.011,13.61,13.67,89.7,0.05,89.6,89.8,13.68,13.69,12.45
2002,271,400,1.102,16.41,24.08,13.62,13.53,1.574,0.044,1.511,1.643,0,0,0,0,-5.556,0.282,-5.973,-5.227,13.53,0.004,13.52,13.53,13.65,0.014,13.61,13.68,89.7,0.04,89.6,89.8,13.69,13.71,12.44
2002,271,410,1.157,354.6,14.89,13.61,13.53,1.542,0.079,1.051,1.643,0,0,0,0,-7.44,1.127,-8.96,-5.973,13.51,0.014,13.49,13.53,13.62,0.025,13.57,13.67,89.8,0.088,89.7,90,13.66,13.71,12.44
2002,271,420,1.531,347.2,16.59,13.61,13.51,1.523,0.025,1.511,1.577,0,0,0,0,-10.31,1.433,-12.32,-8.21,13.46,0.022,13.42,13.49,13.58,0.025,13.53,13.61,90.1,0.071,89.9,90.2,13.61,13.65,12.44
2002,271,430,1.531,19.68,9.25,13.58,13.45,1.547,0.056,1.511,1.708,0,0,0,0,-10.21,1.721,-13.07,-7.84,13.37,0.028,13.32,13.42,13.48,0.025,13.43,13.55,90.4,0.116,90,90.5,13.48,13.54,12.43
2002,271,440,1.783,44.81,7.62,13.54,13.41,1.594,0.052,1.511,1.709,0,0,0,0,-9.51,1.526,-13.44,-8.21,13.29,0.015,13.26,13.32,13.42,0.026,13.36,13.45,90.4,0.088,90.3,90.6,13.44,13.48,12.43
2002,271,450,1.989,35.55,11.47,13.51,13.35,1.639,0.014,1.577,1.643,0,0,0,0,-15.77,1.695,-20.16,-13.81,13.22,0.026,13.18,13.26,13.33,0.021,13.29,13.39,90.3,0.065,90.1,90.4,13.35,13.39,12.42
2002,271,500,1.798,23.75,12.77,13.44,13.26,1.647,0.049,1.577,1.84,0,0,0,0,-14.05,3.838,-20.16,-8.96,13.14,0.027,13.09,13.19,13.29,0.018,13.26,13.33,90.3,0.079,90.2,90.5,13.29,13.36,12.42
2002,271,510,1.913,21.83,9.47,13.38,13.2,1.627,0.04,1.511,1.774,0,0,0,0,-15.38,2.582,-19.41,-12.32,13.07,0.015,13.05,13.09,13.25,0.01,13.23,13.28,90.5,0.064,90.4,90.7,13.26,13.29,12.41
2002,271,520,1.682,8.1,15.59,13.31,13.15,1.705,0.056,1.643,1.774,0,0,0,0,-14.91,2.411,-19.41,-10.08,13.04,0.006,13.03,13.05,13.28,0.016,13.24,13.32,90.4,0.113,90.2,90.5,13.32,13.36,12.41
2002,271,530,0.408,333.3,64.06,13.27,13.12,1.755,0.035,1.643,1.84,0,0,0,0,-11.39,1.096,-12.69,-9.71,13.04,0.005,13.03,13.05,13.3,0.011,13.28,13.32,90.1,0.048,90,90.2,13.34,13.37,12.4
2002,271,540,0.752,359.8,17.23,13.23,13.1,1.775,0.015,1.709,1.84,0,0,0,0,-9.03,0.509,-10.45,-8.21,13.04,0.007,13.03,13.06,13.29,0.009,13.27,13.31,89.9,0.053,89.8,90,13.32,13.35,12.4
2002,271,550,0.616,358.7,19.76,13.21,13.09,1.803,0.049,1.774,1.906,0,0,0,0,-9.51,0.423,-10.08,-8.59,13.05,0.005,13.04,13.06,13.29,0.012,13.26,13.31,89.8,0.044,89.7,89.8,13.3,13.32,12.39
2002,271,600,0.302,351.7,65.99,13.18,13.04,1.901,0.029,1.84,2.037,0,0,0,0,-9.2,1.182,-10.45,-6.72,13.04,0.009,13.02,13.05,13.24,0.02,13.2,13.28,89.7,0.021,89.7,89.8,13.26,13.3,12.39
2002,271,610,0.4,67.98,64.32,13.15,13.01,1.905,0.008,1.84,1.906,0,0,0,0,-6.49,0.492,-7.47,-5.6,13.01,0.004,13.01,13.02,13.19,0.009,13.17,13.22,89.8,0.045,89.7,89.9,13.14,13.2,12.38
2002,271,620,0.302,160.2,58.52,13.13,12.99,1.952,0.057,1.84,2.037,0,0,0,0,-6.602,0.659,-7.47,-5.227,13.01,0.008,12.99,13.03,13.19,0.011,13.16,13.21,89.8,0.029,89.7,89.9,13.17,13.21,12.38
2002,271,630,0.719,140,25.27,13.12,13,2.002,0.049,1.906,2.103,0,0,0,0,-5.015,1.231,-7.84,-3.733,13.04,0.022,13.01,13.07,13.23,0.028,13.18,13.27,89.7,0.106,89.5,89.9,13.18,13.21,12.37
2002,271,640,1.192,109.8,15.21,13.12,12.99,1.865,0.069,1.709,2.037,0,0,0,0,-8.51,0.618,-9.71,-7.47,13.01,0.037,12.93,13.06,13.09,0.088,12.95,13.24,89.8,0.201,89.5,90.2,13.03,13.17,12.37
2002,271,650,1.113,105,15.48,13.1,12.96,1.833,0.083,1.709,2.037,0,0,0,0,-5.824,1.894,-9.71,-3.733,12.91,0.014,12.89,12.93,12.96,0.017,12.92,13.01,90.6,0.16,90.2,90.8,12.94,12.98,12.36
2002,271,700,0.379,181.5,39.25,13.09,12.96,2.302,0.239,1.971,2.826,0,0,0,0,-3.883,0.356,-4.48,-3.36,12.89,0.011,12.87,12.92,12.98,0.012,12.96,13.01,90.8,0.045,90.7,91,13.02,13.1,12.36
2002,271,710,0.248,181.3,37.72,13.08,12.96,4.692,1.383,2.826,7.36,0,0,0,0,-3.111,0.407,-3.733,-2.24,12.95,0.018,12.91,12.98,13.04,0.014,13.01,13.06,90.9,0.048,90.8,91,13.13,13.15,12.36
2002,271,720,0.461,169.9,20.19,13.07,12.95,10.73,2.285,7.43,15.05,0,0,0,0,-0.639,2.311,-3.733,2.829,12.99,0.01,12.98,13.02,13.04,0.01,13.01,13.06,90.9,0.025,90.8,90.9,13.12,13.15,12.36
2002,271,730,0.356,185.1,32.06,13.06,12.93,18.34,1.636,15.18,20.83,0,0,0,0,4.013,0.72,2.829,5.029,13.04,0.015,13.01,13.06,13.06,0.014,13.03,13.09,91,0.023,90.9,91,13.17,13.2,12.37
2002,271,740,0.324,212.8,50.58,13.04,12.9,27.43,4.154,21.03,34.76,0,0,0,0,8.11,3.533,4.401,16.35,13.07,0.014,13.05,13.1,13.06,0.012,13.03,13.09,91.1,0.09,91,91.3,13.15,13.2,12.41
2002,271,750,0.314,256.3,15.76,13.02,12.87,38.78,2.321,34.96,44.16,0,0,0,0,22.12,2.788,16.66,28.6,13.16,0.035,13.09,13.23,13.07,0.01,13.05,13.09,91.3,0.05,91.2,91.4,13.23,13.24,12.46
2002,271,800,0.408,103.7,23.73,13.02,12.9,50.93,4.359,44.36,59.27,0,0,0,0,35.25,3.588,28.92,41.81,13.37,0.09,13.23,13.52,13.1,0.015,13.06,13.12,91.5,0.034,91.4,91.5,13.28,13.31,12.56
2002,271,810,0.814,143.9,26.78,13.07,13.01,69.9,5.158,59.73,79.4,0,0,0,0,53.9,6.082,42.43,63.81,13.7,0.111,13.53,13.91,13.08,0.022,13.04,13.14,91.6,0.099,91.4,91.8,13.25,13.39,12.73
2002,271,820,0.235,176.1,44.74,13.17,13.25,90.1,6.408,79.7,102.6,0,0,0,0,73.6,5.171,64.12,83.6,14.2,0.182,13.92,14.55,13.28,0.081,13.13,13.42,91.8,0.059,91.6,91.9,13.66,13.92,12.94
2002,271,830,1.079,128,17.46,13.35,13.6,133.7,46.05,103.1,289.7,0,0,0,0,110,37.46,83.9,224.4,14.92,0.237,14.55,15.28,13.49,0.046,13.42,13.55,91.2,0.331,90.6,91.8,14.03,14.15,13.18
2002,271,840,0.668,108.1,13.85,13.62,13.95,122.4,4.065,116.4,128.5,0,0,0,0,89.6,2.862,85.8,94.9,15.59,0.151,15.29,15.82,13.51,0.035,13.45,13.57,90.8,0.157,90.5,91.1,14.1,14.17,13.15
2002,271,850,0.988,119.5,8.16,13.87,14.16,122.6,5.086,117.6,131.1,0,0,0,0,86.6,5.658,80.8,96.5,15.91,0.046,15.82,15.97,13.48,0.039,13.42,13.55,90.8,0.18,90.5,91.2,14.07,14.17,13.15
2002,271,900,0.874,94.1,8.35,14.06,14.38,135.5,3.11,130.6,139.2,0,0,0,0,103,3.058,97.1,107.8,16.02,0.038,15.96,16.09,13.62,0.05,13.51,13.7,90.8,0.154,90.5,91.1,14.32,14.44,13.17
2002,271,910,0.981,86.1,8.52,14.25,14.56,148,4.36,138.1,154.9,0,0,0,0,112.9,4.595,102.1,119.7,16.18,0.06,16.08,16.29,13.62,0.014,13.6,13.66,90.6,0.049,90.4,90.6,14.33,14.37,13.22
2002,271,920,1.15,47.48,31.89,14.43,14.71,169.5,12.44,146.9,182.9,0,0,0,0,130.6,10.14,113.5,141.7,16.38,0.037,16.29,16.43,13.54,0.113,13.34,13.68,90.3,0.277,89.7,90.6,14.23,14.44,13.23
2002,271,930,1.576,10.33,11.78,14.61,14.74,152.1,17.42,127.1,174.7,0,0,0,0,112.8,15.35,89.6,131.4,16.3,0.024,16.27,16.34,13.29,0.022,13.25,13.34,91.1,0.235,90.5,91.3,13.81,13.9,13.18
2002,271,940,1.643,34.88,9.73,14.74,14.8,143,10.27,134,186.1,0,0,0,0,103.8,6.52,95.9,132.3,16.21,0.059,16.09,16.29,13.28,0.021,13.23,13.32,91.4,0.134,91.2,91.6,13.98,14.08,13.22
2002,271,950,1.27,60,8.23,14.83,14.94,206.1,38.54,168.6,392.1,0,0,0,0,171.2,27.51,136.1,265.6,16.19,0.079,16.1,16.36,13.37,0.054,13.27,13.45,91.7,0.067,91.6,91.9,14.32,14.58,13.22
2002,271,1000,1.005,15.65,28.62,15.01,15.22,168.9,25.06,140.9,270.3,0,0,0,0,127.9,20.35,100.3,164.4,16.55,0.091,16.37,16.67,13.41,0.031,13.35,13.46,91.6,0.174,91.3,91.9,14.45,14.59,13.23
2002,271,1010,0.514,13.17,23.62,15.22,15.47,195.9,20,162.4,270.6,0,0,0,0,156.7,18.18,129.5,195.8,17.02,0.203,16.67,17.37,13.5,0.085,13.36,13.61,91.8,0.195,91.3,92.1,14.59,14.84,13.22
2002,271,1020,1.328,37.36,29.75,15.45,15.67,182.9,26.1,158.5,238.3,0,0,0,0,128.5,23.16,102.5,177.9,17.5,0.046,17.38,17.56,13.55,0.035,13.48,13.61,91.4,0.166,91.1,91.8,14.67,14.87,13.22
2002,271,1030,2.19,42.35,33.97,15.58,15.64,222.4,50.38,157.1,291.3,0,0,0,0,170.2,50.77,104.7,242.9,17.31,0.1,17.19,17.5,13.6,0.039,13.51,13.66,91,0.407,90.5,91.8,14.55,14.76,13.21
2002,271,1040,2.884,330.9,45.3,15.69,15.87,255.5,20.29,233.1,297,0,0,0,0,212.8,20.52,187,247.6,17.48,0.147,17.27,17.68,14.01,0.36,13.62,14.63,88.6,2.224,84.4,90.7,14.98,15.45,13.21
2002,271,1050,1.386,355,49.09,15.88,16.16,254.8,22.66,226.5,309,0,0,0,0,211.8,24.44,182,259.3,17.82,0.255,17.47,18.21,14.47,0.109,14.33,14.71,85.3,0.475,84.3,86.1,15.26,15.7,13.21
2002,271,1100,2.798,315,53.46,16.14,16.49,335.2,68.05,240.9,510.5,-0.003,0.017,-0.093,0,275.7,59,183.5,401,18.44,0.172,18.17,18.74,14.92,0.255,14.65,15.42,83,1.295,80.4,84.4,15.72,16.05,13.2
2002,271,1110,2.847,280.2,22.2,16.43,16.88,386.6,125.6,257.5,775,-0.019,0.037,-0.093,0,316.2,106,201.4,600.5,18.87,0.078,18.76,19.09,15.66,0.093,15.45,15.79,78.1,0.951,76.3,80.7,16.23,16.36,13.2
2002,271,1120,3.205,298.8,20.05,16.81,17.46,485,128,367.4,952,-0.046,0.046,-0.093,0,410.2,91,320.5,724,19.57,0.298,19.09,19.97,16.03,0.137,15.76,16.22,74.9,1.485,71.9,77.1,16.6,16.87,13.19
2002,271,1130,3.613,284.8,21.78,17.21,17.63,416.9,116,345.2,926,-0.056,0.045,-0.093,0,333.3,80.1,261.8,606.5,20.07,0.038,19.97,20.14,16.29,0.042,16.22,16.4,71.9,0.517,70.5,72.7,16.73,17.05,13.19
2002,271,1140,4.309,286.5,21.3,17.46,17.74,386,41.5,340,553.2,-0.074,0.037,-0.093,0,305.5,34.72,263.3,404.1,20,0.067,19.9,20.15,16.37,0.04,16.29,16.45,71.3,0.401,70.4,72.2,16.77,16.98,13.18
2002,271,1150,3.796,283.2,23.1,17.64,17.85,400.7,65.43,346,612.2,-0.077,0.035,-0.093,0,321.6,45.68,274.9,420.7,19.92,0.03,19.87,19.98,16.46,0.066,16.37,16.66,70.9,0.431,70.1,71.8,16.94,17.17,13.18
2002,271,1200,4.781,293.2,18.51,17.79,17.93,364.3,45.02,319.1,526.5,-0.085,0.026,-0.093,0,298.3,47.03,253.3,418.9,19.84,0.061,19.69,19.96,16.52,0.059,16.41,16.66,70.1,0.639,68.58,71.4,16.8,17.09,13.17
2002,271,1210,4.529,291.8,20.45,17.87,17.9,346.4,24.16,318.8,390.8,-0.082,0.03,-0.093,0,284.2,20.52,258.9,319.9,19.57,0.055,19.47,19.69,16.52,0.044,16.44,16.6,70.2,0.397,69.1,70.9,16.75,16.95,13.17
2002,271,1220,4.915,271.8,25.49,17.92,17.99,345.3,41.76,297.8,604.5,-0.077,0.035,-0.093,0,284.8,23.31,245.4,371.1,19.43,0.028,19.38,19.49,16.57,0.03,16.51,16.63,69.91,0.799,68.54,71.4,16.95,17.27,13.17
2002,271,1230,5.543,284.5,18.04,17.97,17.97,311.2,13.32,295.2,345.5,-0.08,0.032,-0.093,0,252.7,12.69,238.2,285.6,19.23,0.101,19.05,19.43,16.55,0.078,16.44,16.71,69.63,1.083,67.98,71.4,16.81,17.25,13.17
2002,271,1240,5.081,280.9,23.26,17.99,18.04,568.3,210.8,347.7,1080,-0.076,0.036,-0.093,0,497.3,178.1,287.5,890,19.27,0.227,19.04,19.7,16.51,0.075,16.39,16.67,71.6,0.852,69.27,72.7,16.94,17.5,13.17
2002,271,1250,5.369,275.3,20.51,18.15,18.27,615.5,239.1,351.1,1009,-0.07,0.04,-0.093,0,514.5,180.9,276.2,819,20.12,0.254,19.7,20.46,16.65,0.074,16.5,16.75,71.1,0.661,69.46,72.2,17.29,17.64,13.16
2002,271,1300,5.787,282.4,18.28,18.31,18.29,596.6,204,351.7,973,-0.063,0.043,-0.093,0,473.7,139.8,273.7,717,20.59,0.051,20.47,20.69,16.75,0.075,16.65,16.92,71,0.478,69.94,72.1,17.19,17.49,13.16
2002,271,1310,6.004,288.4,16.43,18.35,18.11,485.7,160.3,307.9,841,-0.068,0.041,-0.093,0,378.2,111.5,249.8,657.6,20.52,0.068,20.35,20.58,16.55,0.065,16.4,16.71,72.8,0.755,70.5,74.4,16.8,17.03,13.16
2002,271,1320,6.088,277.1,19.73,18.29,18.02,460.8,211.6,276.9,1003,-0.053,0.046,-0.093,0,371.4,149,194.5,722,20.17,0.096,20.01,20.35,16.38,0.094,16.21,16.53,73.9,0.549,72.7,75,16.78,17.19,13.16
2002,271,1330,6.136,274.5,19.2,18.22,17.98,530.1,183.4,305.4,918,-0.057,0.045,-0.093,0,433.1,138.3,261.1,705,19.88,0.084,19.74,20.03,16.47,0.087,16.33,16.64,72.7,1.212,70.2,74.4,16.93,17.34,13.16
2002,271,1340,5.541,271.3,20.67,18.2,18.19,672.4,151.4,352.5,856,-0.065,0.043,-0.093,0,554.4,111,300.1,658.2,20.35,0.266,19.95,20.87,16.96,0.16,16.64,17.21,69.09,1.379,66.62,71.5,17.58,17.94,13.16
2002,271,1350,5.798,268.8,20.95,18.32,18.52,682.4,79.7,441.5,782,-0.057,0.045,-0.093,0,541.3,50.83,389.3,609.2,21.25,0.21,20.9,21.55,17.29,0.052,17.19,17.4,66.32,0.376,65.64,67.11,17.94,18.26,13.15
2002,271,1400,5.328,267.8,19.97,18.51,18.89,724,32.19,578.3,764,-0.057,0.045,-0.093,0,566.5,12.92,502.4,582.8,21.97,0.216,21.58,22.33,17.52,0.074,17.39,17.67,65.23,1.326,63.04,66.94,18.39,18.77,13.15
2002,271,1410,5.693,273.7,17.74,18.74,18.95,539.4,180.7,328.6,903,-0.046,0.046,-0.093,0,388.9,113.8,222.1,651.3,22.17,0.141,21.96,22.4,17.56,0.086,17.47,17.76,63.43,0.83,61.01,65.3,18.09,18.53,13.15
2002,271,1420,5.53,267.9,19.36,18.92,19.22,529.5,230.7,291.3,920,-0.029,0.043,-0.093,0,417.2,177.2,202,713,22.06,0.078,21.88,22.19,17.74,0.051,17.61,17.82,62.26,0.613,60.91,64.17,18.42,18.94,13.14
2002,271,1430,5.732,270.3,19.75,19.09,19.25,481.7,192.7,308.8,907,-0.029,0.043,-0.093,0,367.6,128.1,214.3,638.1,21.79,0.129,21.5,22,17.76,0.07,17.59,17.87,61.4,0.803,59.94,63.45,18.28,18.59,13.14
2002,271,1440,5.832,267.3,21.18,19.18,19.23,469.3,123.3,327.5,894,-0.011,0.03,-0.093,0,363.6,78.1,258.9,604.5,21.42,0.066,21.34,21.53,17.76,0.115,17.55,17.91,60.31,1.121,57.72,62,18.26,18.5,13.14
2002,271,1450,5.868,276.9,19.09,19.3,19.56,545.9,194.1,301.8,949,-0.014,0.033,-0.093,0,454.9,139,238.8,696.2,21.55,0.144,21.37,21.8,18.03,0.064,17.91,18.15,58.37,0.894,56.29,60.49,18.52,18.95,13.14
2002,271,1500,4.964,269.1,20.19,19.48,19.55,250.1,13.97,238.7,296.5,-0.006,0.023,-0.093,0,174.6,16.57,159.3,230.3,21.44,0.247,21,21.76,17.95,0.181,17.65,18.19,59.33,1.553,56.63,62.38,18.28,18.64,13.14
2002,271,1510,5.675,272.7,20.82,19.49,19.27,191.2,26.68,168.9,246.6,-0.006,0.023,-0.093,0,137.3,25.57,114,183.2,20.5,0.293,20.02,20.98,17.61,0.085,17.48,17.77,60.2,0.713,58.53,61.87,17.85,18.19,13.14
2002,271,1520,5.355,274.9,18.88,19.31,18.92,185.1,39.5,166.6,327.1,-0.008,0.026,-0.093,0,132.9,24.5,120,240.3,19.61,0.208,19.32,20.01,17.36,0.079,17.25,17.53,61.88,0.995,59.79,63.64,17.58,17.84,13.14
2002,271,1530,5.464,276.8,17.85,19.07,18.68,259.8,151,144.5,696.5,-0.028,0.043,-0.093,0,208.7,119.5,96.1,540.1,19.17,0.068,19.08,19.33,17.09,0.128,16.79,17.25,64.26,1.899,62.03,68.37,17.27,17.48,13.14
2002,271,1540,6.147,280.9,15.7,18.87,18.47,214.3,55.42,172,471.5,-0.028,0.043,-0.093,0,163.6,37.49,121.9,262.3,18.99,0.071,18.84,19.07,16.61,0.039,16.55,16.75,69.63,0.442,68.34,70.9,16.79,16.87,13.15
2002,271,1550,6.302,281.6,15.4,18.66,18.19,197.5,24.04,173.9,246,-0.039,0.046,-0.093,0,146.2,22.33,126,198.9,18.56,0.145,18.35,18.83,16.38,0.119,16.21,16.59,72.2,0.64,70.6,73.2,16.54,16.84,13.15
2002,271,1600,5.847,283.2,14.8,18.46,18.15,408,133.7,239,636.3,-0.045,0.046,-0.093,0,346.5,109.1,198.2,525.6,18.57,0.212,18.33,19.05,16.44,0.102,16.23,16.58,72.3,0.445,71.3,73.3,16.75,16.95,13.15
2002,271,1610,6.105,280.1,16.2,18.45,18.6,490.2,30.67,411.1,560.1,-0.068,0.041,-0.093,0,401.4,34.23,348.1,487.6,19.73,0.347,19.08,20.2,16.62,0.066,16.5,16.74,71.7,0.769,69.6,72.8,17.14,17.43,13.15
2002,271,1620,7.21,281.1,12.96,18.53,18.53,224.3,106.5,96.9,438.4,-0.043,0.046,-0.093,0,334.5,7.75,319.2,348.4,20.39,0.073,20.21,20.49,16.54,0.038,16.47,16.65,71,0.668,69.71,72.6,16.93,17.12,13.15
2002,271,1630,6.466,278.8,14.78,18.55,18.53,400.7,25.85,258.5,420.8,-0.036,0.045,-0.093,0,308.7,11.75,281.2,318.3,20.58,0.048,20.5,20.67,16.6,0.076,16.49,16.75,71.1,0.469,70.2,72.3,17.05,17.26,13.15
2002,271,1640,6.908,278.7,15.42,18.54,18.44,356.8,40.79,95.6,395.1,-0.043,0.046,-0.093,0,265.3,17.48,235,286.2,20.54,0.067,20.39,20.67,16.54,0.028,16.49,16.61,70.1,0.378,69.31,71.4,16.95,17.11,13.15
2002,271,1650,6.821,279.7,15.22,18.5,18.3,319.4,30.74,238.4,351.8,-0.053,0.046,-0.093,0,235.4,20.6,182.2,253.6,20.23,0.081,20.06,20.37,16.42,0.031,16.36,16.49,70.6,0.474,69.43,71.4,16.78,16.88,13.15
2002,271,1700,6.357,275.3,14.6,18.42,18.21,294.7,28.42,155.1,317.1,-0.071,0.039,-0.093,0,215.5,15.9,168.7,229,20,0.038,19.92,20.07,16.4,0.045,16.33,16.49,70.9,0.478,70.1,71.7,16.8,17.09,13.15
2002,271,1710,6.894,276.8,14.17,18.34,18.1,197.2,75.9,104.2,303.9,-0.068,0.041,-0.093,0,136.1,67.54,54.98,225.9,19.72,0.209,19.33,19.99,16.45,0.068,16.36,16.76,69.77,0.361,69.03,70.3,16.75,17.05,13.15
2002,271,1720,6.573,276.9,16.04,18.21,17.76,106.2,17.36,80.7,132,-0.059,0.048,-0.093,0.093,59.43,15.16,34.25,88.3,18.76,0.313,18.23,19.3,16.29,0.067,16.18,16.39,70.3,0.458,69.13,71.2,16.46,16.61,13.14
2002,271,1730,5.959,271.8,17.3,17.99,17.49,98.7,5.672,83.3,108.4,-0.063,0.043,-0.093,0,64.04,11.71,34.25,74.2,17.8,0.211,17.5,18.2,16.13,0.036,16.07,16.18,71,0.739,69.46,72.1,16.31,16.43,13.15
2002,271,1740,5.916,270.6,16.1,17.8,17.37,77.6,6.587,69.36,92.5,-0.054,0.046,-0.093,0,56.03,6.096,48.7,69.44,17.29,0.104,17.13,17.49,16.21,0.019,16.18,16.25,69.21,0.266,68.81,69.94,16.35,16.4,13.13
2002,271,1750,6.095,269.5,18.07,17.66,17.25,66.14,1.247,63.26,68.91,-0.039,0.046,-0.093,0,46.21,0.639,45.25,48.39,17.01,0.064,16.91,17.13,16.21,0.017,16.18,16.25,69.05,0.339,68.39,69.64,16.34,16.37,13.06
2002,271,1800,5.872,277.7,16.9,17.52,17.13,58.64,2.012,55.44,63.19,-0.032,0.044,-0.093,0,39.19,2.862,35.51,44.93,16.83,0.046,16.77,16.91,16.22,0.025,16.18,16.26,69.17,0.315,68.57,69.8,16.28,16.35,13
2002,271,1810,5.592,275.5,16.31,17.39,17.01,51.53,2.884,46.31,55.31,-0.015,0.035,-0.093,0,30.8,2.261,26.71,34.88,16.72,0.026,16.67,16.77,16.23,0.022,16.19,16.27,68.57,0.366,67.98,69.49,16.29,16.34,12.92
2002,271,1820,5.119,277.4,16.54,17.28,16.93,41.9,2.831,35.8,46.05,-0.017,0.036,-0.093,0,21.26,2.997,15.4,26.39,16.65,0.022,16.62,16.69,16.28,0.017,16.25,16.33,67.32,0.312,66.6,68,16.31,16.38,12.84
2002,271,1830,5.153,279.8,16.72,17.17,16.84,31.44,2.429,26.54,35.67,-0.003,0.017,-0.093,0,10.15,2.531,6.284,15.08,16.58,0.026,16.53,16.62,16.3,0.033,16.2,16.34,66.85,0.672,66.04,68.14,16.31,16.37,12.76
2002,271,1840,5.131,275.2,18.33,17.06,16.72,26.58,2.486,23.32,31.01,-0.005,0.02,-0.093,0,5.409,3.913,-0.373,11.31,16.48,0.025,16.44,16.53,16.08,0.066,16,16.21,69.72,0.729,68.08,70.6,16.1,16.22,12.7
2002,271,1850,4.773,278.9,18.06,16.94,16.6,13.89,3.611,9.53,23.25,-0.005,0.02,-0.093,0,-13.73,7.7,-22.02,4.399,16.43,0.053,16.33,16.51,16.05,0.014,16.02,16.08,70,0.184,69.69,70.5,16.07,16.13,12.67
2002,271,1900,3.669,254.6,14.71,16.8,16.39,6.744,1.356,4.861,9.39,-0.002,0.012,-0.093,0,-30.87,5.117,-38.07,-22.02,16.23,0.057,16.16,16.33,16.14,0.044,16.06,16.26,68.96,0.534,68.02,69.79,16.13,16.21,12.65
2002,271,1910,2.955,253.5,16.05,16.62,16.19,3.901,0.463,3.219,4.796,-0.002,0.012,-0.093,0,-40.99,1.568,-43.3,-38.07,16.08,0.053,15.99,16.16,16.27,0.049,16.17,16.34,67.86,0.466,67.3,68.75,16.17,16.25,12.64
2002,271,1920,1.589,219.9,33.33,16.43,15.96,2.896,0.161,2.693,3.219,0,0,0,0,-44.28,1.887,-48.15,-41.43,15.87,0.078,15.72,15.99,16.14,0.026,16.07,16.2,69.43,0.29,68.78,70.2,16,16.07,12.63
2002,271,1930,2.448,226.8,17.53,16.21,15.7,2.597,0.066,2.496,2.693,0,0,0,0,-41.88,1.278,-44.04,-39.56,15.56,0.079,15.44,15.71,15.91,0.082,15.81,16.09,71.8,0.75,70.2,72.8,15.77,15.89,12.62
2002,271,1940,2.588,225.2,15.81,16,15.52,2.462,0.042,2.365,2.562,0,0,0,0,-40.72,0.903,-42.55,-39.56,15.35,0.05,15.26,15.44,15.77,0.034,15.7,15.82,73.4,0.302,72.8,73.8,15.68,15.74,12.61
2002,271,1950,2.112,219.6,18.22,15.81,15.31,2.281,0.087,2.102,2.496,0,0,0,0,-42.99,0.964,-44.42,-41.43,15.11,0.096,14.95,15.26,15.53,0.121,15.32,15.7,74.9,0.805,73.8,76.3,15.38,15.6,12.61
2002,271,2000,2.157,222.9,16.73,15.6,15.08,2.079,0.045,1.971,2.234,0,0,0,0,-40.67,0.621,-41.43,-39.57,14.82,0.07,14.71,14.94,15.22,0.055,15.12,15.32,76.9,0.321,76.4,77.4,15.12,15.2,12.6
2002,271,2010,2.141,219.4,18.37,15.38,14.87,1.913,0.07,1.708,2.037,0,0,0,0,-40.49,0.521,-41.43,-39.57,14.58,0.068,14.47,14.7,14.99,0.08,14.87,15.13,78.4,0.584,77.4,79.3,14.89,15.03,12.6
2002,271,2020,2.215,224.1,15.46,15.17,14.66,1.655,0.097,1.445,1.84,0,0,0,0,-39.44,0.726,-40.69,-38.07,14.37,0.06,14.27,14.47,14.79,0.059,14.68,14.89,80.1,0.584,79.2,81.2,14.7,14.82,12.59
2002,271,2030,2.274,229.4,14.69,14.97,14.48,1.414,0.069,1.248,1.511,0,0,0,0,-38.49,0.49,-39.94,-37.7,14.19,0.041,14.12,14.26,14.61,0.039,14.54,14.69,81.7,0.295,81.2,82.3,14.55,14.61,12.59
2002,271,2040,2.076,226.5,13.08,14.79,14.3,1.228,0.077,1.117,1.38,0,0,0,0,-38.49,1.235,-40.69,-36.58,14.06,0.042,13.99,14.13,14.51,0.039,14.42,14.56,82.6,0.227,82.2,83.1,14.44,14.5,12.58
2002,271,2050,2.026,225,14.96,14.61,14.13,0.926,0.086,0.723,1.117,0,0,0,0,-37.89,0.596,-39.2,-36.96,13.92,0.034,13.87,13.99,14.39,0.019,14.36,14.44,83.8,0.319,83.1,84.3,14.33,14.36,12.58
2002,271,2100,2.033,215.9,19.57,14.45,14,0.73,0.021,0.723,0.788,0,0,0,0,-37.09,0.605,-38.08,-35.84,13.83,0.025,13.78,13.87,14.32,0.028,14.27,14.37,84.4,0.088,84,84.5,14.26,14.31,12.57
2002,271,2110,1.685,209.6,17.13,14.3,13.87,0.704,0.058,0.591,0.788,0,0,0,0,-37.35,0.444,-38.45,-36.58,13.74,0.029,13.69,13.8,14.25,0.023,14.2,14.29,84.5,0.051,84.4,84.6,14.21,14.25,12.57
2002,271,2120,2.155,208.3,17.22,14.16,13.75,0.657,0.029,0.591,0.723,0,0,0,0,-36.04,0.439,-36.96,-35.09,13.66,0.02,13.63,13.7,14.19,0.017,14.16,14.23,84.8,0.124,84.6,85,14.14,14.18,12.57
2002,271,2130,1.781,224.9,14.44,14.04,13.64,0.536,0.043,0.394,0.657,0,0,0,0,-36.17,0.755,-37.7,-34.72,13.6,0.014,13.58,13.64,14.16,0.013,14.13,14.19,85,0.081,84.9,85.2,14.08,14.13,12.56
2002,271,2140,1.853,212,17.14,13.92,13.56,0.44,0.051,0.394,0.526,0,0,0,0,-36.06,1.324,-38.08,-33.97,13.58,0.016,13.56,13.61,14.15,0.019,14.1,14.19,85,0.089,84.9,85.3,14.09,14.14,12.56
2002,271,2150,1.968,217.9,17.12,13.83,13.49,0.436,0.049,0.394,0.526,0,0,0,0,-35.43,1.008,-37.33,-33.97,13.55,0.012,13.53,13.57,14.13,0.049,14.08,14.47,85.2,0.108,85,85.4,14.05,14.08,12.56
2002,271,2200,2.396,229.6,11.79,13.74,13.43,0.502,0.041,0.394,0.526,0,0,0,0,-34.3,0.575,-35.09,-33.23,13.55,0.006,13.54,13.56,14.11,0.01,14.09,14.13,85.1,0.092,85,85.4,14.03,14.08,12.55
2002,271,2210,1.891,210.9,17.41,13.67,13.37,0.514,0.028,0.394,0.526,0,0,0,0,-36.15,0.86,-37.33,-34.72,13.53,0.013,13.51,13.56,14.06,0.021,14.03,14.11,85.1,0.068,84.9,85.2,13.99,14.03,12.55
2002,271,2220,1.894,213,12.56,13.6,13.31,0.499,0.04,0.394,0.591,0,0,0,0,-35.27,0.596,-36.59,-34.35,13.5,0.008,13.48,13.52,14.06,0.021,14.01,14.09,85.2,0.097,85,85.4,14,14.04,12.55
2002,271,2230,1.782,219.6,13.8,13.53,13.22,0.487,0.032,0.46,0.526,0,0,0,0,-34.75,1.008,-36.59,-32.85,13.46,0.011,13.44,13.48,14.01,0.014,13.98,14.04,85.3,0.073,85.1,85.4,13.94,13.97,12.54
2002,271,2240,1.854,237.4,8.45,13.47,13.19,0.504,0.039,0.46,0.591,0,0,0,0,-34.27,1.206,-36.96,-32.48,13.45,0.007,13.43,13.47,14.01,0.019,13.96,14.04,85.2,0.107,85,85.5,13.84,13.94,12.54
2002,271,2250,1.585,237.3,12.44,13.39,13.1,0.404,0.059,0.329,0.526,0,0,0,0,-37.14,0.48,-38.08,-36.21,13.38,0.032,13.32,13.44,13.89,0.031,13.84,13.96,85.5,0.166,85,85.7,13.68,13.71,12.54
2002,271,2300,1.74,234.7,11.7,13.29,13,0.338,0.038,0.263,0.46,0,0,0,0,-36.08,0.366,-36.59,-35.09,13.28,0.028,13.23,13.33,13.83,0.022,13.79,13.88,85.7,0.152,85.4,86,13.64,13.68,12.54
2002,271,2310,1.676,227.3,10.56,13.2,12.94,0.223,0.036,0.197,0.329,0,0,0,0,-35.49,0.489,-36.21,-34.72,13.23,0.01,13.2,13.25,13.83,0.019,13.79,13.86,85.9,0.095,85.8,86.1,13.67,13.73,12.53
2002,271,2320,1.428,218,11.35,13.13,12.86,0.271,0.056,0.197,0.329,0,0,0,0,-36.14,0.851,-37.33,-34.72,13.19,0.018,13.15,13.22,13.84,0.018,13.8,13.87,85.9,0.075,85.8,86.1,13.72,13.77,12.53
2002,271,2330,1.511,224.3,10.67,13.06,12.76,0.202,0.016,0.197,0.263,0,0,0,0,-35.32,0.807,-36.96,-33.6,13.13,0.02,13.1,13.17,13.8,0.024,13.76,13.84,86,0.086,85.8,86.3,13.66,13.71,12.53
2002,271,2340,1.301,227,11.19,12.99,12.68,0.197,0.021,0.131,0.263,0,0,0,0,-35.51,0.952,-37.33,-33.6,13.07,0.025,13.03,13.12,13.74,0.044,13.65,13.8,86,0.149,85.6,86.3,13.55,13.65,12.53
2002,271,2350,1.278,234.9,7.52,12.91,12.52,0.082,0.039,0.066,0.197,0,0,0,0,-34.79,0.428,-35.84,-33.97,13.01,0.021,12.96,13.04,13.68,0.029,13.61,13.71,86.1,0.153,85.7,86.3,13.45,13.51,12.53
2002,272,0,1.098,215.5,11.69,12.82,12.52,0.018,0.038,-0.066,0.066,0,0,0,0,-30.55,3.608,-34.72,-23.15,12.95,0.013,12.92,12.98,13.64,0.018,13.6,13.67,86.3,0.088,86.2,86.5,13.47,13.51,12.52
2002,272,10,0.948,201.8,8.88,12.75,12.49,0.056,0.029,0,0.131,0,0,0,0,-25.59,1.818,-29.12,-22.4,12.93,0.007,12.91,12.94,13.62,0.014,13.6,13.65,86.4,0.057,86.3,86.5,13.49,13.52,12.52
2002,272,20,1.084,188.8,15.67,12.71,12.44,0.091,0.034,0.066,0.197,0,0,0,0,-29.61,0.96,-30.99,-28,12.91,0.01,12.89,12.93,13.61,0.014,13.58,13.64,86.5,0.07,86.3,86.6,13.43,13.5,12.52
2002,272,30,1.18,186.3,16.24,12.66,12.37,-0.072,0.107,-0.263,0.131,0,0,0,0,-35.47,2.113,-37.71,-30.24,12.76,0.089,12.6,12.9,13.35,0.169,13.08,13.62,86.4,0.169,86.2,86.9,13.09,13.37,12.52
2002,272,40,1.239,206,27.92,12.56,12.21,-0.412,0.107,-0.526,-0.263,0,0,0,0,-34.02,1.83,-36.59,-31.74,12.48,0.06,12.39,12.61,13.01,0.038,12.97,13.09,87.4,0.273,87,87.7,12.79,12.89,12.52
2002,272,50,1.433,218.8,10.76,12.44,12.13,-0.469,0.046,-0.526,-0.394,0,0,0,0,-31.36,0.46,-32.11,-30.24,12.38,0.01,12.36,12.4,13.01,0.022,12.99,13.08,87.7,0.11,87.5,88.1,12.9,12.97,12.51
2002,272,100,1.714,224.3,12,12.35,12.06,-0.406,0.031,-0.526,-0.329,0,0,0,0,-30.27,0.36,-30.99,-29.5,12.4,0.016,12.37,12.44,13.09,0.025,13.05,13.16,87.6,0.125,87.3,87.8,12.95,13.05,12.51
2002,272,110,1.392,230.8,13.49,12.3,12,-0.348,0.051,-0.394,-0.263,0,0,0,0,-31.01,1.379,-33.6,-29.5,12.47,0.022,12.43,12.5,13.2,0.024,13.15,13.24,87.4,0.192,87,87.6,13.07,13.14,12.51
2002,272,120,1.62,222,8.71,12.26,11.92,-0.373,0.039,-0.394,-0.263,0,0,0,0,-30.44,0.874,-33.23,-29.5,12.53,0.019,12.48,12.56,13.27,0.037,13.19,13.32,87.4,0.117,87.1,87.6,13.13,13.21,12.5
2002,272,130,1.768,218.4,13.8,12.25,11.91,-0.184,0.062,-0.263,-0.131,0,0,0,0,-30.82,0.938,-32.86,-29.12,12.6,0.022,12.55,12.63,13.35,0.018,13.31,13.39,87.1,0.152,86.8,87.4,13.23,13.28,12.5
2002,272,140,1.653,220.2,11.35,12.26,11.94,-0.133,0.008,-0.197,-0.131,0,0,0,0,-31.87,0.491,-32.86,-30.99,12.62,0.008,12.61,12.64,13.32,0.011,13.29,13.34,87.1,0.121,86.9,87.4,13.19,13.23,12.5
2002,272,150,1.126,200.9,30.32,12.25,11.92,-0.166,0.053,-0.263,-0.131,0,0,0,0,-33.06,0.417,-33.98,-32.11,12.59,0.022,12.54,12.62,13.28,0.023,13.22,13.33,87.1,0.12,86.9,87.4,13.09,13.19,12.5
2002,272,200,1.311,166.6,20.94,12.2,11.92,-0.515,0.189,-0.92,-0.197,0,0,0,0,-33.58,0.869,-34.72,-31.74,12.34,0.118,12.16,12.54,12.83,0.223,12.55,13.23,87.5,0.573,86.6,88.5,12.49,12.93,12.5
2002,272,210,0.725,193,17.26,12.09,11.76,-1.164,0.138,-1.314,-0.92,0,0,0,0,-31.75,1.542,-34.35,-29.5,12.03,0.069,11.91,12.16,12.53,0.015,12.5,12.56,88.8,0.177,88.5,89,12.29,12.34,12.49
2002,272,220,0.77,193.8,14.74,11.94,11.58,-1.423,0.064,-1.512,-1.314,0,0,0,0,-28.71,1.525,-32.86,-26.51,11.82,0.047,11.75,11.91,12.45,0.03,12.4,12.52,89,0.075,88.8,89.2,12.16,12.23,12.49
2002,272,230,0.775,206.4,17.65,11.8,11.44,-1.559,0.043,-1.643,-1.446,0,0,0,0,-27.57,1.146,-29.5,-25.02,11.67,0.041,11.62,11.76,12.31,0.045,12.25,12.42,89.1,0.097,88.9,89.3,12.07,12.14,12.49
2002,272,240,0.946,193.5,18.75,11.66,11.33,-1.705,0.068,-1.84,-1.577,0,0,0,0,-24.86,0.722,-26.51,-23.52,11.56,0.031,11.51,11.61,12.23,0.032,12.17,12.28,89.3,0.096,89.1,89.5,11.98,12.03,12.48
2002,272,250,1.008,204.1,15,11.55,11.23,-1.926,0.06,-2.037,-1.84,0,0,0,0,-24.19,1.054,-26.14,-22.03,11.46,0.026,11.42,11.51,12.12,0.039,12.06,12.19,89.5,0.099,89.4,89.7,11.92,11.96,12.48
2002,272,300,1.173,199.6,15.03,11.46,11.17,-1.973,0.059,-2.037,-1.906,0,0,0,0,-22.71,0.782,-23.9,-20.54,11.43,0.013,11.41,11.46,12.1,0.02,12.06,12.15,89.7,0.146,89.5,90.1,11.96,12.03,12.48
2002,272,310,1.086,210.3,13.81,11.4,11.13,-1.863,0.045,-1.906,-1.774,0,0,0,0,-23.21,0.987,-25.02,-21.28,11.45,0.007,11.44,11.47,12.14,0.012,12.11,12.16,89.7,0.076,89.5,89.9,12.02,12.06,12.47
2002,272,320,0.903,193.1,11.96,11.34,11.08,-1.897,0.028,-1.972,-1.775,0,0,0,0,-22.07,1.34,-24.27,-20.16,11.49,0.027,11.45,11.54,12.22,0.072,12.14,12.36,89.8,0.118,89.6,90.1,12.05,12.12,12.47
2002,272,330,0.963,178.1,15.34,11.29,11.06,-1.81,0.064,-1.906,-1.643,0,0,0,0,-21.28,0.954,-23.52,-19.79,11.57,0.02,11.53,11.6,12.44,0.039,12.37,12.51,89.6,0.229,89.2,90,12.11,12.17,12.47
2002,272,340,0.873,188.7,31.46,11.27,11.04,-1.839,0.046,-1.906,-1.775,0,0,0,0,-22.56,0.343,-23.15,-22.03,11.58,0.006,11.56,11.59,12.35,0.048,12.31,12.65,89.5,0.147,89.2,89.7,12.04,12.08,12.46
2002,272,350,0.175,199.1,11.19,11.23,10.95,-1.931,0.073,-2.103,-1.775,0,0,0,0,-25.19,1.364,-27.26,-21.66,11.49,0.049,11.42,11.57,12.29,0.067,12.18,12.39,89.4,0.103,89.3,89.6,11.93,12.02,12.46
2002,272,400,0.607,188.9,13.41,11.14,10.86,-2.205,0.059,-2.3,-2.037,0,0,0,0,-19.37,1.735,-24.64,-17.92,11.43,0.013,11.4,11.45,12.31,0.073,12.16,12.41,89.9,0.115,89.5,90,11.94,12,12.46
2002,272,410,0.826,179.3,12.93,11.09,10.86,-2.175,0.033,-2.3,-2.037,0,0,0,0,-19.6,1.092,-22.03,-18.3,11.42,0.017,11.38,11.46,12.31,0.069,12.19,12.41,89.6,0.151,89.2,89.9,11.8,11.98,12.46
2002,272,420,0.754,187.6,12.35,11.06,10.85,-2.18,0.079,-2.3,-1.906,0,0,0,0,-19.37,0.337,-20.16,-18.67,11.44,0.019,11.41,11.47,12.31,0.047,12.2,12.37,89.9,0.094,89.7,90.1,11.74,11.8,12.45
2002,272,430,1.011,186.9,11.38,11.04,10.86,-2.216,0.078,-2.3,-2.037,0,0,0,0,-18.96,0.83,-20.16,-17.18,11.52,0.025,11.46,11.55,12.39,0.036,12.33,12.45,89.7,0.231,89.2,90.1,11.75,11.82,12.45
2002,272,440,1.298,170.7,7.37,11.03,10.83,-2.02,0.04,-2.103,-1.906,0,0,0,0,-21.99,0.546,-22.78,-20.16,11.4,0.062,11.29,11.52,12,0.159,11.78,12.34,89.3,0.263,88.8,89.8,11.42,11.65,12.45
2002,272,450,1.321,172.9,8.13,10.98,10.74,-2.155,0.051,-2.235,-2.037,0,0,0,0,-20.67,0.688,-22.03,-19.42,11.23,0.041,11.17,11.31,11.76,0.03,11.72,11.83,90.1,0.218,89.7,90.5,11.19,11.33,12.44
2002,272,500,1.312,173.8,7.94,10.91,10.67,-2.207,0.035,-2.235,-2.103,0,0,0,0,-20.03,0.786,-21.28,-18.67,11.11,0.028,11.07,11.17,11.67,0.04,11.61,11.76,90.4,0.254,89.9,90.8,11.11,11.2,12.44
2002,272,510,1.086,197.7,12.85,10.84,10.62,-2.215,0.037,-2.3,-2.103,0,0,0,0,-18.65,0.653,-19.42,-17.18,11.13,0.045,11.08,11.22,11.81,0.078,11.7,11.97,90.8,0.15,90.5,91,11.22,11.46,12.43
2002,272,520,0.955,211.9,8.9,10.81,10.63,-2.188,0.061,-2.3,-2.038,0,0,0,0,-17.93,0.736,-19.04,-16.43,11.33,0.068,11.21,11.43,12.15,0.112,11.97,12.57,90.7,0.182,90.3,91.1,11.79,11.94,12.43
2002,272,530,0.7,211.7,8.12,10.82,10.66,-1.876,0.054,-2.038,-1.775,0,0,0,0,-20.66,1.17,-22.78,-18.67,11.47,0.019,11.43,11.5,12.24,0.014,12.21,12.27,90.2,0.073,90.1,90.3,11.82,11.93,12.43
2002,272,540,0.474,219.2,9.85,10.81,10.61,-1.786,0.079,-1.906,-1.512,0,0,0,0,-22.52,1.064,-25.02,-20.54,11.43,0.059,11.32,11.51,12.16,0.083,11.97,12.26,89.8,0.204,89.4,90.2,11.54,11.73,12.42
2002,272,550,0.322,230,6.002,10.73,10.44,-1.83,0.084,-1.972,-1.709,0,0,0,0,-21.12,2.563,-24.65,-16.43,11.22,0.05,11.16,11.32,11.93,0.019,11.9,11.98,89.9,0.21,89.6,90.5,11.28,11.35,12.42
2002,272,600,0.961,217.8,7.78,10.64,10.42,-2.044,0.075,-2.103,-1.84,0,0,0,0,-13.82,0.649,-16.06,-12.7,11.3,0.073,11.18,11.43,12.25,0.139,11.98,12.43,90.4,0.201,89.9,90.7,11.83,12.19,12.41
2002,272,610,1.049,204.8,10.71,10.69,10.64,-1.499,0.188,-1.84,-1.183,0,0,0,0,-16.65,0.991,-18.67,-14.94,11.54,0.067,11.43,11.65,12.49,0.037,12.43,12.56,89.7,0.123,89.4,89.9,12.18,12.22,12.41
2002,272,620,1.029,207.3,9.55,10.78,10.72,-1.043,0.086,-1.183,-0.92,0,0,0,0,-19.07,0.353,-19.79,-18.3,11.7,0.03,11.65,11.75,12.55,0.017,12.52,12.58,89.1,0.107,89,89.4,12.18,12.23,12.4
2002,272,630,0.532,232.7,12.57,10.84,10.7,-0.824,0.052,-0.92,-0.723,0,0,0,0,-23.62,2.589,-26.89,-19.79,11.69,0.066,11.57,11.77,12.45,0.134,12.23,12.59,88.5,0.406,87.6,89,12.09,12.3,12.4
2002,272,640,0.041,84.6,14.92,10.79,10.52,-0.936,0.049,-1.052,-0.854,0,0,0,0,-24.02,1.896,-25.77,-18.67,11.43,0.079,11.29,11.57,12.13,0.047,12.07,12.23,88.6,0.167,88.4,88.9,11.63,11.76,12.4
2002,272,650,1.157,156.6,24.66,10.68,10.45,-0.871,0.2,-1.117,-0.394,0,0,0,0,-15.4,0.923,-18.3,-13.82,11.14,0.071,11.04,11.27,11.95,0.154,11.67,12.15,89.3,0.22,88.9,89.7,11.4,11.72,12.39
2002,272,700,1.308,174.7,10.8,10.65,10.44,0.646,0.709,-0.394,1.972,0,0,0,0,-15.75,1.154,-17.55,-13.82,10.95,0.05,10.86,11.04,11.51,0.092,11.33,11.67,90.1,0.239,89.6,90.4,11,11.1,12.39
2002,272,710,1.212,196.5,7.38,10.6,10.38,4.575,1.703,2.103,7.69,0,0,0,0,-11.36,2.733,-14.94,-6.722,10.8,0.028,10.76,10.86,11.26,0.037,11.22,11.34,90.7,0.17,90.4,91,11.03,11.1,12.38
2002,272,720,1.132,174.4,14.18,10.54,10.33,11.14,1.935,7.76,14.33,0,0,0,0,-2.26,2.748,-6.722,2.515,10.78,0.016,10.75,10.81,11.27,0.046,11.21,11.55,91.2,0.127,90.9,91.4,11.02,11.1,12.41
2002,272,730,1.066,186.3,8.78,10.52,10.34,17.18,1.581,14.33,19.72,0,0,0,0,4.517,1.12,2.515,6.288,10.87,0.04,10.81,10.94,11.27,0.017,11.23,11.3,91.4,0.107,91.1,91.5,11.01,11.07,12.44
2002,272,740,0.852,177.6,12.12,10.51,10.35,22.21,1.337,19.85,24.45,0,0,0,0,10.53,1.733,6.288,13.2,11.08,0.09,10.93,11.22,11.44,0.109,11.26,11.59,91.6,0.122,91.4,91.8,11.19,11.32,12.48
2002,272,750,1.601,178.9,4.883,10.54,10.45,27.43,4.523,24.45,47.72,0,0,0,0,14.93,0.716,13.2,16.03,11.37,0.076,11.22,11.49,11.59,0.019,11.56,11.63,91.4,0.078,91.2,91.5,11.34,11.39,12.52
2002,272,800,1.385,171.9,8.26,10.62,10.57,108.4,28.35,49.69,135.8,0,0,0,0,25.99,16.21,16.03,77,11.65,0.095,11.49,11.84,11.73,0.094,11.57,11.9,91.4,0.069,91.3,91.6,11.56,11.69,13.32
2002,272,810,1.604,172.5,9.21,10.74,10.78,149.4,7.73,136,162.2,0,0,0,0,118.5,17.32,76.4,129.5,12.51,0.457,11.84,13.35,12.05,0.085,11.9,12.19,90.9,0.281,90.5,91.3,11.79,11.89,13.31
2002,272,820,1.667,178,11.16,11.05,11.26,177,8.36,162.4,191.4,0,0,0,0,132.3,1.69,129.2,136.1,14.23,0.469,13.37,14.96,12.34,0.06,12.19,12.41,90.1,0.316,89.7,90.6,12.32,12.69,13.31
2002,272,830,1.296,169.7,16.04,11.55,11.84,207,8.62,191.9,220.8,0,0,0,0,144.8,4.172,136.4,150.6,15.72,0.435,14.99,16.46,12.65,0.126,12.4,12.84,89.4,0.404,88.7,90,13.05,13.25,13.3
2002,272,840,1.057,177.5,14.22,12.12,12.47,236.8,9.18,221.2,252,0,0,0,0,160.2,5.421,150.6,169.4,17.27,0.457,16.49,18.05,13.24,0.251,12.83,13.67,88.2,0.474,87.4,88.8,13.87,14.42,13.29
2002,272,850,1.005,160.1,26.22,12.72,13.16,267.3,8.24,252.7,280.8,0,0,0,0,170.9,2.142,167.5,176,18.78,0.356,18.08,19.25,13.94,0.13,13.7,14.16,85.6,1.255,83.4,87.7,14.65,14.99,13.28
2002,272,900,1.343,119.4,19.47,13.27,13.56,296.1,8.7,281.5,310.8,0,0,0,0,182.1,7.94,169.4,199.3,19.58,0.091,19.27,19.68,13.59,0.122,13.45,13.82,84.5,0.639,83,85.4,14.21,14.41,13.27
2002,272,910,1.25,102.8,11.23,13.71,13.98,325.5,7.6,311.7,338.2,0,0,0,0,210.8,5.702,199.6,219.7,19.78,0.072,19.66,19.88,13.58,0.054,13.5,13.69,84.9,0.261,84.5,85.5,14.32,14.49,13.26
2002,272,920,1.137,93.2,10.31,14.14,14.42,354.1,8.47,338.4,367.8,0,0,0,0,235.7,8.56,220,247.4,20.02,0.104,19.88,20.22,13.62,0.068,13.51,13.74,86,0.53,85.1,86.9,14.29,14.53,13.25
2002,272,930,0.926,92.9,14.81,14.6,15.07,382.6,8.22,368.3,396.7,0,0,0,0,260.3,6.952,246.1,269.4,20.58,0.205,20.23,20.93,13.86,0.075,13.72,13.95,86.9,0.231,86.5,87.6,14.75,14.91,13.24
2002,272,940,0.738,75.6,20.22,15.15,15.69,411.4,8.17,397.4,424.9,0,0,0,0,280.9,8.26,267.5,295.1,21.29,0.222,20.94,21.71,13.92,0.016,13.89,13.96,86.9,0.145,86.5,87.2,14.95,15.03,13.24
2002,272,950,0.728,51.48,20.52,15.74,16.29,438.5,7.61,425.4,450.8,0,0,0,0,290.2,5.266,280.7,297.9,22.18,0.303,21.73,22.7,13.88,0.025,13.83,13.94,87.2,0.269,86.8,87.7,14.96,15.12,13.22
2002,272,1000,0.451,12.46,20.64,16.38,16.94,464.4,7.33,450.3,477.7,-0.003,0.017,-0.093,0,306.2,4.622,295.1,317.4,23.28,0.306,22.72,23.73,14.01,0.072,13.89,14.16,87.6,0.137,87.3,87.9,15.12,15.33,13.21
2002,272,1010,0.634,32.22,33.49,17.02,17.52,490.2,7.03,476.6,500.6,-0.026,0.042,-0.093,0,314.3,7.26,303.3,330,24.16,0.204,23.71,24.38,14.23,0.048,14.12,14.33,87.2,0.257,86.7,87.7,15.48,15.63,13.2
2002,272,1020,0.528,350.8,11.38,17.58,17.98,514.2,7.03,501.5,525.8,-0.077,0.035,-0.093,0,336,5.034,327.4,344.7,24.55,0.102,24.39,24.69,14.42,0.064,14.33,14.51,86.8,0.257,86.2,87.2,15.83,16.06,13.19
2002,272,1030,0.48,354.9,13.18,18.09,18.42,537,6.514,525.9,548.9,-0.08,0.032,-0.093,0,353.2,8.64,336.9,369.2,24.9,0.144,24.66,25.21,14.62,0.089,14.48,14.78,86.4,0.099,86.2,86.6,16.22,16.39,13.18
2002,272,1040,0.636,28.62,16.39,18.56,18.85,559.4,6.147,549,571.2,-0.06,0.044,-0.093,0,359.6,3.247,351.6,365.1,25.77,0.273,25.23,26.19,14.82,0.049,14.76,14.92,85.8,0.332,85,86.3,16.2,16.38,13.17
2002,272,1050,0.685,357.2,12.47,19,19.15,580.7,5.83,570.3,590.7,-0.022,0.039,-0.093,0,375.3,9.49,361,389.9,26.31,0.038,26.19,26.37,14.89,0.1,14.75,15.08,85.7,0.241,85.1,86,16.32,16.73,13.16
2002,272,1100,0.819,344.7,12.37,19.37,19.46,598,4.649,589.8,605,-0.006,0.023,-0.093,0,389.6,2.56,383,393.7,26.22,0.095,26.05,26.36,15.14,0.032,15.07,15.19,85.3,0.22,84.8,85.8,16.97,17.14,13.15
2002,272,1110,0.737,347.5,11.65,19.68,19.65,616.7,6.363,605.9,627.7,0,0,0,0,415.1,11.57,392.4,428.5,26.09,0.067,26.01,26.21,15.21,0.075,15.12,15.37,84.9,0.159,84.6,85.2,16.8,17.07,13.15
2002,272,1120,1.717,34.67,23.69,19.93,19.75,637.9,5.809,628,648.3,0,0,0,0,415.6,5.983,406.8,427,26.21,0.154,25.86,26.45,15.27,0.132,15.07,15.45,84.5,0.217,84.2,85.2,16.83,17.19,13.14
2002,272,1130,2.161,44.16,4.865,20.03,19.53,655.9,2.95,648.8,659.9,0,0,0,0,445,12.05,420.4,460.2,25.22,0.342,24.7,25.85,15.12,0.058,15.04,15.21,84.6,0.205,84.2,85.1,17.1,17.48,13.13
2002,272,1140,1.846,36.48,5.177,20.06,19.59,665.8,3.931,655.5,672.3,0,0,0,0,476.9,8.55,460.9,490.7,24.54,0.06,24.46,24.69,15.18,0.027,15.12,15.21,84.8,0.332,84.3,85.8,17.25,17.47,13.13
2002,272,1150,1.594,13.18,12.58,20.14,19.66,680.2,6.323,660.8,688.9,0,0,0,0,486.2,3.439,481.6,492,24.8,0.107,24.67,25.03,15.14,0.062,15.01,15.24,85.2,0.404,84.4,85.9,16.49,17.14,13.13
2002,272,1200,1.717,27.75,5.057,20.22,19.77,708,16.07,689.3,736,0,0,0,0,508,12.17,491.7,532.5,25.46,0.215,25.06,25.83,15.25,0.132,15.05,15.46,84.2,0.826,82.9,85.5,17.01,17.91,13.13
2002,272,1210,1.602,17.11,8.57,20.34,20.03,732,46.89,503.3,773,0,0,0,0,519.1,32.32,402.4,540.3,26.13,0.117,25.84,26.28,15.48,0.123,15.3,15.67,82.8,0.552,81.8,83.8,17.15,17.92,13.12
2002,272,1220,1.14,358.5,15.45,20.42,20.04,717,110.3,269.3,795,0,0,0,0,509.7,61.88,344.3,572.1,26.44,0.154,26.27,26.74,15.71,0.173,15.37,15.94,83.4,0.594,82,84.1,17.47,18,13.12
2002,272,1230,1.739,26.49,9.18,20.43,19.94,468.1,260.3,175.6,825,0,0,0,0,289.5,196,34.87,582.1,26.44,0.233,25.85,26.79,15.68,0.091,15.52,15.85,82.3,0.718,81.3,83.8,17.13,17.56,13.12
2002,272,1240,2.433,34.53,7.95,20.31,19.59,475.7,252.1,153,825,0,0,0,0,287.4,185,37.38,570.5,24.91,0.546,23.91,25.81,15.48,0.086,15.37,15.71,82.8,0.547,81.9,84,17.31,17.49,13.12
2002,272,1250,3.646,27.2,5.596,20.04,19.22,670.1,148.7,183.4,838,0,0,0,0,492.5,123.1,163.7,574.3,23.28,0.287,22.92,23.87,15.38,0.03,15.34,15.45,84,0.488,82.8,84.9,17.23,17.42,13.12
2002,272,1300,4.169,24.51,3.625,19.81,19.11,715,1.488,713,718,0,0,0,0,551.9,1.294,549.8,554.5,22.94,0.015,22.91,22.97,15.48,0.077,15.36,15.61,80.6,1.222,79.1,83,17.38,17.58,13.13
2002,272,1310,4.275,25.82,3.452,19.67,19.03,715,1.037,713,717,-0.002,0.012,-0.093,0,547.7,1.825,545.1,550.7,23.03,0.028,22.96,23.06,15.66,0.054,15.56,15.73,78.6,0.525,77.7,79.8,17.64,17.74,13.13
2002,272,1320,4.784,24.11,3.585,19.53,18.53,712,1.194,710,715,-0.008,0.026,-0.093,0,545.1,1.229,543.2,547.6,22.99,0.047,22.91,23.05,15.69,0.019,15.65,15.73,78.7,0.355,77.9,79.5,17.44,17.66,13.13
2002,272,1330,4.744,19.64,3.035,19.41,18.69,710,1.514,707,713,-0.005,0.02,-0.093,0,548.1,1.381,545.7,552,22.83,0.034,22.79,22.9,15.76,0.064,15.68,15.91,78.6,0.336,77.9,79.4,17.01,17.2,13.13
2002,272,1340,4.29,7.53,10.54,19.31,18.91,705,2.07,702,710,-0.011,0.03,-0.093,0,553.9,2.206,551.4,559.5,22.85,0.045,22.8,22.98,16.33,0.251,15.9,16.77,76.7,1.4,74.3,78.5,17.33,17.81,13.13
2002,272,1350,4.129,5.861,8.42,19.3,19.07,698.2,2.068,695,703,-0.011,0.03,-0.093,0,552.1,2.14,549.5,558.3,23.03,0.058,22.95,23.14,16.82,0.062,16.73,16.93,73.3,0.486,72.4,74.6,17.56,17.77,13.13
2002,272,1400,3.499,356.9,15.43,19.36,19.27,690.8,3.121,685.3,695.5,-0.003,0.017,-0.093,0,549.1,4.013,542.9,555.8,23.34,0.124,23.14,23.56,17.06,0.078,16.9,17.19,72.6,0.472,71.8,73.9,18.05,18.28,13.13
2002,272,1410,3.757,353.9,16.37,19.48,19.53,679.9,3.07,675.3,685.6,0,0,0,0,536.1,2.867,531.3,542.9,23.68,0.07,23.56,23.8,17.26,0.032,17.19,17.34,71.6,0.428,70.8,72.8,18.43,18.62,13.13
2002,272,1420,3.826,352.2,12.9,19.61,19.72,668.5,3.973,663.4,675.3,-0.002,0.012,-0.093,0,525.6,4.879,517.4,534.4,23.81,0.029,23.73,23.85,17.31,0.03,17.27,17.37,71.1,0.451,70.5,72.1,18.43,18.55,13.13
2002,272,1430,3.744,358.5,12.74,19.72,19.78,652.9,4.003,645.6,662.6,0,0,0,0,515.2,4.667,506.1,525.6,23.81,0.025,23.76,23.87,17.25,0.078,17.06,17.33,71.7,0.68,70.3,73.2,18.35,18.53,13.12
2002,272,1440,3.63,352.7,13.7,19.79,19.82,638.7,4.292,632,647.5,0,0,0,0,505.2,2.765,501.7,511.1,23.8,0.026,23.76,23.85,17.23,0.082,17.09,17.37,72.1,0.756,70.1,73.3,18.3,18.54,13.12
2002,272,1450,3.564,352.7,15.06,19.86,19.99,622.9,4.964,612.5,632.9,0,0,0,0,491.6,3.898,486.6,500.5,23.84,0.038,23.78,23.91,17.34,0.032,17.27,17.39,72,0.324,71.3,72.7,18.44,18.55,13.12
2002,272,1500,3.871,1.142,13.21,19.94,19.98,604.5,6.26,594.7,614.9,0,0,0,0,471.8,9.49,456.5,485.1,23.85,0.08,23.71,23.94,17.09,0.242,16.72,17.38,73.6,0.987,72.1,75.6,18,18.46,13.12
2002,272,1510,4.305,5.052,12.51,19.94,19.71,586.7,4.78,577.8,594.6,0,0,0,0,457.9,4.477,450.2,465.3,23.46,0.174,23.22,23.71,16.63,0.16,16.43,16.86,75.7,1.01,74.4,77.6,17.45,17.94,13.12
2002,272,1520,4.534,0.793,13.11,19.85,19.53,567.9,5.771,557.7,577.1,-0.003,0.017,-0.093,0,446.3,4.209,440.8,453.3,22.92,0.152,22.69,23.2,16.37,0.073,16.23,16.49,76.8,0.439,76,77.6,17.15,17.46,13.12
2002,272,1530,4.214,359,14.87,19.73,19.51,546.1,6.209,535.7,557.6,0,0,0,0,432.4,6.396,421.3,442,22.62,0.041,22.53,22.69,16.47,0.019,16.43,16.52,76.8,0.246,76.4,77.4,17.42,17.55,13.12
2002,272,1540,3.928,355.1,15.56,19.67,19.53,523.7,6.874,511.9,535.6,-0.003,0.017,-0.093,0,413,5.384,403.1,422.9,22.54,0.019,22.51,22.59,16.51,0.033,16.45,16.59,77.4,0.345,76.6,78.2,17.53,17.75,13.12
2002,272,1550,3.764,349.3,12.1,19.64,19.66,500.3,6.76,488.8,511.4,-0.002,0.012,-0.093,0,391.1,6.767,381.7,402.4,22.6,0.04,22.53,22.68,16.65,0.06,16.55,16.76,77.1,0.329,76.5,77.9,17.69,17.83,13.12
2002,272,1600,3.437,334,13.03,19.66,19.78,475.9,7.26,461.6,488.6,0,0,0,0,366.5,9.99,347.8,381.7,22.73,0.032,22.67,22.8,16.76,0.035,16.7,16.82,77,0.276,76.4,77.6,17.7,17.92,13.12
2002,272,1610,3.773,332.2,15.41,19.68,19.75,449.5,13.04,366.4,462,0,0,0,0,339.2,5.689,329.2,347.8,22.68,0.034,22.6,22.74,16.72,0.026,16.68,16.78,76.9,0.268,76.1,77.3,17.54,17.74,13.12
2002,272,1620,3.836,333.4,16.18,19.67,19.69,200.9,139.3,47.81,435.9,0,0,0,0,317,5.824,310.4,328.9,22.5,0.074,22.39,22.62,16.71,0.066,16.59,16.8,77.5,0.492,76.4,78.5,17.56,17.78,13.12
2002,272,1630,4.317,330.7,13.82,19.63,19.63,371.3,46.36,168.6,400.6,0,0,0,0,291.4,9.4,277.1,310.1,22.3,0.106,22.1,22.49,16.64,0.09,16.46,16.78,78,0.558,76.7,79.1,17.42,17.75,13.12
2002,272,1640,4.413,330.2,16.15,19.55,19.39,341.5,85.4,47.35,384.9,0,0,0,0,269.5,6.576,258.6,279.3,21.93,0.132,21.72,22.11,16.4,0.065,16.3,16.52,79.8,0.516,78.3,80.6,17.03,17.26,13.13
2002,272,1650,4.543,327.9,13.94,19.42,19.24,339.5,11.07,278.6,355.1,-0.002,0.012,-0.093,0,247.9,6.565,236.2,257.9,21.59,0.085,21.42,21.72,16.33,0.047,16.25,16.41,80.2,0.442,79.2,81,17.07,17.27,13.13
2002,272,1700,4.114,325.2,17.08,19.3,19.14,304.3,38.55,99.8,325.2,-0.003,0.017,-0.093,0,224.9,6.992,213.6,235.9,21.41,0.019,21.37,21.45,16.34,0.044,16.24,16.41,79.6,0.468,78.2,80.4,17.08,17.18,13.13
2002,272,1710,4.022,322.6,15.07,19.2,19.1,273.5,41.86,56.22,297.3,-0.003,0.017,-0.093,0,201.3,7.69,186.3,213.6,21.35,0.02,21.3,21.4,16.45,0.043,16.38,16.53,78.6,0.363,78.2,79.8,17.09,17.23,13.12
2002,272,1720,3.993,321.4,12.1,19.11,19.01,249.6,28.12,44.73,268.3,-0.003,0.017,-0.093,0,173.9,7.15,159.9,186,21.27,0.037,21.2,21.35,16.41,0.035,16.34,16.48,79.6,0.464,78.6,80.3,16.97,17.15,13.12
2002,272,1730,3.876,319.5,17.31,19.02,18.86,191.4,58.35,43.94,237.9,-0.002,0.012,-0.093,0,148.4,5.58,138.2,159.3,21.09,0.049,21.02,21.2,16.36,0.053,16.28,16.52,80.9,0.435,79.9,81.7,16.89,17.26,13.12
2002,272,1740,3.721,320.5,18.46,18.91,18.78,170.4,41.67,42.96,204.7,-0.015,0.035,-0.093,0,120.7,7.23,108.7,137.3,20.95,0.039,20.9,21.04,16.39,0.047,16.3,16.5,81.6,0.526,80.7,82.4,16.97,17.24,13.11
2002,272,1750,3.385,339.2,18.55,18.8,18.5,95.9,42.87,61.41,181.2,-0.019,0.037,-0.093,0,30.28,44.62,-12.69,108.7,20.44,0.375,19.67,20.88,16.34,0.061,16.15,16.4,82.6,0.595,81.9,84.1,16.78,17.03,13.04
2002,272,1800,3.732,348.9,14.55,18.56,17.85,64.35,8.37,55.96,81,-0.029,0.043,-0.093,0,16.64,3.435,7.85,21.99,18.69,0.525,17.86,19.64,15.81,0.16,15.58,16.15,85.7,0.776,84.2,86.9,15.98,16.29,12.98
2002,272,1810,3.628,349.6,15.83,18.2,17.41,49.5,4.874,41.45,56.82,-0.062,0.044,-0.093,0,15.92,1.764,12.57,19.16,17.28,0.293,16.84,17.84,15.43,0.065,15.34,15.57,87.3,0.236,86.5,87.6,15.68,15.79,12.9
2002,272,1820,3.623,352.2,10.99,17.83,17.1,33.14,3,30.02,41.32,-0.065,0.049,-0.093,0.093,14.96,1.544,12.88,18.54,16.52,0.175,16.25,16.84,15.31,0.06,15.19,15.41,87.4,0.184,86.9,87.8,15.58,15.74,12.8
2002,272,1830,3.496,339.4,14.39,17.53,16.83,30.8,4.565,23.78,38.95,-0.073,0.038,-0.093,0,10.5,6.02,0.314,23.25,16.1,0.068,16.01,16.24,15.18,0.019,15.13,15.21,86.9,0.31,86.4,87.4,15.5,15.63,12.73
2002,272,1840,2.791,335.3,18.84,17.27,16.78,28.44,4.925,19.51,37.18,-0.06,0.044,-0.093,0,10.64,11.15,-13.06,23.57,16.3,0.103,16.11,16.43,15.34,0.057,15.2,15.42,85.8,0.42,85,86.5,15.8,15.89,12.67
2002,272,1850,2.968,329.7,13.21,17.08,16.48,10.66,3.173,6.438,18.92,-0.048,0.046,-0.093,0,-36.38,7.56,-42.55,-14.18,16.23,0.132,15.98,16.42,15.36,0.032,15.29,15.41,85.2,0.134,84.9,85.4,15.58,15.73,12.65
2002,272,1900,2.526,328.8,16.49,16.81,16.11,3.976,1.136,2.299,6.306,-0.042,0.046,-0.093,0,-40.29,1.345,-42.17,-38.44,15.72,0.145,15.49,15.97,15.3,0.014,15.27,15.34,85.4,0.146,85.1,85.7,15.44,15.49,12.63
2002,272,1910,2.321,333.9,18.91,16.5,15.81,1.497,0.391,0.92,2.299,-0.014,0.033,-0.093,0,-42.31,0.692,-43.67,-41.43,15.32,0.091,15.17,15.48,15.24,0.035,15.17,15.32,85.2,0.169,84.9,85.7,15.35,15.44,12.62
2002,272,1920,2.109,335.1,15.55,16.21,15.56,0.782,0.08,0.657,0.985,-0.009,0.028,-0.093,0,-41.94,0.263,-42.18,-41.43,15.05,0.068,14.94,15.17,15.15,0.025,15.1,15.2,84.7,0.195,84.4,85.1,15.26,15.31,12.62
2002,272,1930,1.693,323.5,18.44,15.95,15.32,0.642,0.066,0.526,0.723,-0.002,0.012,-0.093,0,-40.69,0.534,-41.43,-39.19,14.85,0.049,14.77,14.94,15.12,0.01,15.1,15.15,84.6,0.067,84.5,84.8,15.21,15.24,12.61
2002,272,1940,1.901,311.8,15.34,15.71,15.12,0.532,0.02,0.526,0.591,0,0,0,0,-38.98,0.381,-39.94,-38.45,14.73,0.027,14.68,14.78,15.09,0.019,15.05,15.14,84.5,0.091,84.4,84.8,15.18,15.22,12.6
2002,272,1950,1.469,314.7,12.22,15.5,14.95,0.474,0.072,0.263,0.591,0,0,0,0,-39.29,0.412,-39.94,-38.45,14.64,0.025,14.6,14.68,15.07,0.01,15.04,15.09,84.7,0.123,84.5,84.9,15.13,15.16,12.59
2002,272,2000,1.407,316.7,13.32,15.31,14.79,0.336,0.065,0.197,0.46,0,0,0,0,-38.41,0.509,-39.57,-37.7,14.56,0.022,14.53,14.61,15.04,0.014,15.01,15.08,85.1,0.198,84.8,85.6,15.09,15.14,12.59
2002,272,2010,1.269,313.5,12.34,15.13,14.63,0.069,0.078,-0.197,0.263,0,0,0,0,-38.2,0.577,-39.57,-37.33,14.47,0.026,14.43,14.52,14.99,0.02,14.96,15.03,85.6,0.152,85.4,85.9,15.03,15.06,12.58
2002,272,2020,1.778,328.1,14.15,14.97,14.51,-0.055,0.05,-0.197,0.066,0,0,0,0,-36.71,1.182,-38.45,-35.09,14.39,0.019,14.37,14.43,14.93,0.02,14.9,14.98,86.1,0.149,85.8,86.4,14.96,15,12.58
2002,272,2030,1.77,314,18.16,14.84,14.45,-0.078,0.033,-0.197,-0.066,0,0,0,0,-36.39,0.641,-37.33,-35.09,14.34,0.01,14.32,14.37,14.89,0.017,14.86,14.92,86.6,0.189,86.3,87,14.9,14.94,12.57
2002,272,2040,1.664,314.5,12.91,14.72,14.33,-0.196,0.022,-0.263,-0.131,0,0,0,0,-37.29,0.27,-37.7,-36.58,14.31,0.012,14.28,14.33,14.8,0.025,14.77,14.86,86.9,0.104,86.7,87.3,14.84,14.9,12.57
2002,272,2050,1.538,299.6,11.28,14.61,14.23,-0.264,0.061,-0.329,-0.197,0,0,0,0,-37.04,0.273,-37.7,-36.58,14.24,0.02,14.21,14.28,14.73,0.023,14.67,14.78,87.1,0.133,86.9,87.4,14.78,14.81,12.57
2002,272,2100,1.469,296.3,13.55,14.49,14.11,-0.43,0.049,-0.526,-0.329,0,0,0,0,-37,0.282,-37.7,-36.21,14.17,0.022,14.14,14.22,14.65,0.023,14.61,14.71,87.4,0.102,87.1,87.5,14.7,14.75,12.56
2002,272,2110,1.34,290.1,13.5,14.38,14,-0.621,0.074,-0.723,-0.46,0,0,0,0,-36.37,0.427,-36.96,-35.84,14.11,0.021,14.06,14.14,14.61,0.019,14.56,14.64,87.6,0.062,87.5,87.8,14.67,14.7,12.56
2002,272,2120,1.38,283.7,9.7,14.26,13.91,-0.834,0.083,-0.92,-0.657,0,0,0,0,-35.61,0.298,-36.21,-35.09,14.03,0.02,13.99,14.06,14.53,0.022,14.5,14.57,88,0.163,87.7,88.3,14.57,14.63,12.56
2002,272,2130,1.472,272.5,11.83,14.16,13.82,-1.022,0.059,-1.117,-0.92,0,0,0,0,-34.8,0.398,-35.46,-33.97,13.97,0.019,13.94,14,14.47,0.024,14.43,14.51,88.4,0.085,88.2,88.6,14.5,14.55,12.55
2002,272,2140,1.444,253.7,12.82,14.06,13.73,-0.987,0.057,-1.051,-0.92,0,0,0,0,-34.93,0.422,-35.84,-33.97,13.9,0.028,13.85,13.95,14.37,0.044,14.3,14.45,88.2,0.145,87.9,88.4,14.35,14.47,12.55
2002,272,2150,1.815,241,6.477,13.95,13.61,-0.883,0.057,-0.986,-0.788,0,0,0,0,-34.18,0.33,-34.72,-33.6,13.82,0.017,13.79,13.85,14.27,0.011,14.24,14.29,88.1,0.102,87.8,88.3,14.11,14.19,12.55
2002,272,2200,1.71,241.7,6.924,13.85,13.54,-0.618,0.065,-0.788,-0.526,0,0,0,0,-34.94,0.802,-36.21,-33.23,13.79,0.014,13.75,13.81,14.27,0.022,14.2,14.31,87.5,0.247,87,88,14.08,14.16,12.55
2002,272,2210,1.26,254.7,11.27,13.76,13.43,-0.395,0.109,-0.526,-0.263,0,0,0,0,-35.92,0.731,-37.33,-34.72,13.75,0.02,13.7,13.77,14.23,0.025,14.18,14.28,87.1,0.246,86.6,87.5,14.01,14.05,12.54
2002,272,2220,1.461,289,18.81,13.66,13.36,-0.257,0.079,-0.394,-0.131,0,0,0,0,-34.52,0.963,-35.84,-32.48,13.76,0.016,13.71,13.78,14.34,0.052,14.22,14.4,86.7,0.279,86.4,87.2,14.3,14.37,12.54
2002,272,2230,1.685,310.8,10,13.6,13.33,-0.141,0.023,-0.197,-0.131,0,0,0,0,-34.83,0.511,-35.84,-33.97,13.76,0.011,13.74,13.78,14.36,0.018,14.32,14.4,86.7,0.149,86.5,87,14.36,14.39,12.54
2002,272,2240,2,321.3,11.93,13.56,13.32,-0.226,0.051,-0.263,-0.131,0,0,0,0,-32.95,1.776,-35.47,-30.24,13.72,0.014,13.7,13.75,14.29,0.024,14.24,14.34,87.3,0.259,86.9,87.8,14.27,14.35,12.54
2002,272,2250,1.638,323.4,14.31,13.54,13.29,-0.329,0.052,-0.46,-0.263,0,0,0,0,-35.34,0.875,-36.59,-32.85,13.67,0.017,13.64,13.7,14.18,0.032,14.13,14.25,88,0.164,87.7,88.3,14.16,14.22,12.53
2002,272,2300,1.576,328.5,16.22,13.49,13.25,-0.399,0.041,-0.46,-0.329,0,0,0,0,-34.58,0.734,-36.21,-33.97,13.6,0.019,13.56,13.63,14.09,0.021,14.06,14.15,88.2,0.067,88.1,88.3,14.08,14.13,12.53
2002,272,2310,1.198,320.1,11.55,13.42,13.19,-0.405,0.044,-0.46,-0.263,0,0,0,0,-25.11,6.446,-34.72,-16.43,13.54,0.011,13.52,13.56,14.05,0.013,14.01,14.07,88.1,0.078,87.9,88.3,14.06,14.09,12.53
2002,272,2320,1.321,311.8,17.1,13.38,13.2,-0.182,0.111,-0.329,0.066,0,0,0,0,-14.6,6.406,-26.13,-7.47,13.56,0.023,13.52,13.61,14.03,0.046,14,14.38,88,0.073,87.8,88.2,14.09,14.14,12.53
2002,272,2330,1.221,302.2,10.04,13.41,13.29,0.173,0.09,0,0.329,0,0,0,0,-9.45,2.501,-12.69,-4.107,13.66,0.033,13.6,13.72,14.04,0.01,14.01,14.07,87.8,0.085,87.6,88,14.14,14.16,12.53
2002,272,2340,1.084,306.2,19.16,13.48,13.44,0.446,0.081,0.329,0.591,0,0,0,0,-1.786,0.768,-3.733,-0.747,13.78,0.042,13.71,13.85,14.08,0.027,14.02,14.13,87.7,0.098,87.5,88,14.2,14.24,12.52
2002,272,2350,0.723,312.1,17.99,13.58,13.59,0.636,0.044,0.591,0.723,0,0,0,0,-2.464,0.95,-3.733,-1.12,13.93,0.04,13.86,13.99,14.16,0.031,14.11,14.21,87.5,0.09,87.4,87.8,14.29,14.32,12.52
2002,273,0,0.681,332.3,23.81,13.67,13.69,0.778,0.053,0.657,0.854,0,0,0,0,-3.771,0.31,-4.107,-2.987,14.05,0.033,14,14.1,14.21,0.025,14.17,14.26,87.3,0.118,87.1,87.5,14.34,14.36,12.52
2002,273,10,0.737,319.8,9.68,13.76,13.78,0.917,0.058,0.854,1.051,0,0,0,0,-3.528,0.293,-3.733,-2.987,14.15,0.025,14.1,14.2,14.26,0.016,14.22,14.29,87,0.137,86.8,87.3,14.4,14.42,12.52
2002,273,20,0.849,292,26.01,13.84,13.87,1.023,0.04,0.986,1.117,0,0,0,0,-3.783,0.198,-4.107,-3.36,14.23,0.019,14.19,14.26,14.31,0.023,14.25,14.34,86.6,0.139,86.4,86.9,14.47,14.51,12.52
2002,273,30,0.711,270.7,18.97,13.91,13.95,1.144,0.037,1.051,1.183,0,0,0,0,-4.598,0.268,-5.227,-4.107,14.28,0.017,14.25,14.31,14.36,0.018,14.32,14.4,86.5,0.047,86.4,86.6,14.52,14.55,12.52
2002,273,40,0.893,320.2,29.2,13.99,14.02,1.177,0.018,1.117,1.183,0,0,0,0,-4.903,0.4,-5.6,-4.48,14.32,0.011,14.3,14.34,14.4,0.012,14.38,14.43,86.4,0.086,86.3,86.6,14.53,14.55,12.52
2002,273,50,0.792,296.2,13.8,14.05,14.07,1.2,0.031,1.183,1.314,0,0,0,0,-5.376,0.299,-5.973,-4.853,14.35,0.009,14.33,14.36,14.4,0.017,14.38,14.44,86.4,0.123,86.2,86.7,14.54,14.57,12.52
2002,273,100,0.573,258.8,32.29,14.1,14.09,1.267,0.054,1.183,1.314,0,0,0,0,-6.06,0.23,-6.346,-5.6,14.35,0.005,14.33,14.36,14.39,0.018,14.35,14.43,86.2,0.046,86.2,86.4,14.54,14.57,12.51
2002,273,110,0.54,214.8,10.51,14.14,14.12,1.316,0.017,1.314,1.446,0,0,0,0,-6.023,0.21,-6.346,-5.6,14.34,0.007,14.33,14.36,14.35,0.01,14.33,14.37,86.1,0.028,86,86.2,14.54,14.58,12.51
2002,273,120,0.194,213.4,10.55,14.16,14.14,1.372,0.05,1.314,1.446,0,0,0,0,-6.483,0.236,-6.72,-5.973,14.35,0.008,14.34,14.37,14.37,0.009,14.34,14.39,86,0.045,85.9,86.1,14.58,14.59,12.51
2002,273,130,0.089,221.9,2.239,14.18,14.14,1.389,0.047,1.314,1.446,0,0,0,0,-6.651,0.241,-7.09,-5.973,14.36,0.006,14.35,14.37,14.39,0.014,14.35,14.41,85.9,0.058,85.7,86,14.58,14.59,12.51
2002,273,140,0.158,1.102,26.21,14.2,14.15,1.443,0.021,1.314,1.511,0,0,0,0,-6.396,0.231,-6.72,-5.973,14.39,0.013,14.36,14.41,14.42,0.035,14.37,14.49,85.8,0.101,85.7,86.1,14.58,14.63,12.51
2002,273,150,0.085,29.5,3.705,14.21,14.15,1.453,0.024,1.38,1.511,0,0,0,0,-6.359,0.281,-6.72,-5.973,14.38,0.004,14.37,14.39,14.43,0.011,14.41,14.47,85.8,0.03,85.7,85.8,14.57,14.58,12.51
2002,273,200,0.333,183.7,11.54,14.22,14.17,1.465,0.037,1.38,1.577,0,0,0,0,-5.905,0.588,-6.72,-5.226,14.37,0.008,14.35,14.39,14.41,0.029,14.37,14.46,85.6,0.163,85.4,85.9,14.56,14.61,12.5
2002,273,210,0.043,209.6,1.316,14.24,14.19,1.544,0.042,1.446,1.577,0,0,0,0,-5.718,0.199,-5.973,-5.226,14.38,0.007,14.37,14.39,14.4,0.011,14.38,14.43,85.4,0.095,85.2,85.5,14.56,14.59,12.5
2002,273,220,0.267,53.67,2.803,14.26,14.19,1.554,0.036,1.446,1.577,0,0,0,0,-4.99,0.272,-5.6,-4.48,14.39,0.005,14.38,14.4,14.44,0.039,14.38,14.51,85.4,0.18,85.2,85.6,14.55,14.58,12.5
2002,273,230,0.064,52.43,0.918,14.27,14.21,1.561,0.033,1.446,1.577,0,0,0,0,-5.83,0.217,-5.973,-5.226,14.38,0.011,14.36,14.39,14.48,0.019,14.44,14.51,85.7,0.046,85.6,85.8,14.56,14.57,12.5
2002,273,240,0.879,30.52,11.6,14.28,14.22,1.635,0.061,1.577,1.708,0,0,0,0,-5.096,0.262,-5.6,-4.853,14.34,0.01,14.32,14.37,14.42,0.022,14.38,14.46,86.1,0.232,85.7,86.5,14.49,14.53,12.5
2002,273,250,1.266,23.83,3.952,14.3,14.24,1.718,0.031,1.643,1.84,0,0,0,0,-5.295,0.16,-5.6,-4.853,14.31,0.015,14.28,14.33,14.37,0.031,14.29,14.41,86.9,0.257,86.4,87.3,14.44,14.48,12.5
2002,273,300,1.8,16.24,6.032,14.31,14.24,1.708,0,1.708,1.708,0,0,0,0,-5.127,0.165,-5.226,-4.853,14.25,0.02,14.21,14.28,14.23,0.047,14.14,14.31,87.2,0.169,86.9,87.6,14.33,14.39,12.49
2002,273,310,2.209,13.05,4.021,14.31,14.24,1.701,0.034,1.577,1.774,0,0,0,0,-4.971,0.174,-5.226,-4.853,14.2,0.015,14.18,14.23,14.11,0.045,14.04,14.2,86.4,0.549,85.5,87.3,14.25,14.3,12.49
2002,273,320,1.502,8.47,13.02,14.31,14.23,1.797,0.056,1.708,1.84,0,0,0,0,-5.351,0.233,-5.6,-4.853,14.18,0.009,14.16,14.2,14.13,0.031,14.06,14.21,85.5,0.195,85.1,85.8,14.25,14.29,12.49
2002,273,330,1.434,353.3,12.48,14.3,14.22,1.809,0.042,1.708,1.84,0,0,0,0,-5.55,0.21,-5.973,-5.226,14.18,0.007,14.16,14.2,14.15,0.018,14.12,14.23,85.2,0.128,84.9,85.7,14.25,14.3,12.49
2002,273,340,1.527,337.6,13.76,14.3,14.21,1.809,0.037,1.708,1.84,0,0,0,0,-5.712,0.171,-5.973,-5.6,14.15,0.009,14.13,14.16,14.12,0.017,14.08,14.16,85,0.098,84.7,85.2,14.23,14.26,12.48
2002,273,350,1.782,343.3,14.95,14.29,14.19,1.818,0.041,1.708,1.84,0,0,0,0,-5.96,0.067,-5.973,-5.6,14.1,0.016,14.07,14.14,14.05,0.031,14,14.12,84.7,0.144,84.4,85,14.17,14.22,12.48
2002,273,400,2.17,342.7,12.74,14.27,14.16,1.785,0.056,1.708,1.84,0,0,0,0,-5.811,0.185,-5.973,-5.6,14.05,0.016,14.02,14.08,13.99,0.02,13.96,14.06,84.3,0.174,83.9,84.6,14.1,14.14,12.48
2002,273,410,2.397,349.7,13.1,14.25,14.14,1.916,0.063,1.774,2.037,0,0,0,0,-5.662,0.139,-5.973,-5.6,14.01,0.012,13.98,14.02,13.98,0.016,13.94,14.01,84.3,0.203,83.9,84.7,14.08,14.11,12.47
2002,273,420,2.416,340,12.61,14.23,14.11,1.876,0.067,1.708,2.037,0,0,0,0,-5.936,0.112,-5.973,-5.6,13.95,0.017,13.93,13.99,13.9,0.038,13.84,14,84.4,0.232,84,85,14,14.07,12.47
2002,273,430,2.794,331.4,10.69,14.2,14.08,1.876,0.049,1.84,1.971,0,0,0,0,-6.072,0.165,-6.346,-5.973,13.89,0.021,13.85,13.93,13.82,0.034,13.77,13.9,83.9,0.202,83.4,84.3,13.93,14,12.47
2002,273,440,2.582,333.2,11.46,14.17,14.03,1.887,0.056,1.774,1.971,0,0,0,0,-6.228,0.187,-6.72,-5.973,13.82,0.022,13.78,13.85,13.76,0.031,13.69,13.81,83.7,0.196,83.4,84.1,13.86,13.9,12.46
2002,273,450,2.658,343.5,12.94,14.13,13.98,1.906,0.061,1.708,1.971,0,0,0,0,-6.359,0.305,-6.72,-5.973,13.75,0.027,13.7,13.79,13.68,0.036,13.62,13.75,83.8,0.178,83.4,84.1,13.78,13.85,12.46
2002,273,500,2.696,344.1,10.77,14.08,13.92,1.888,0.067,1.774,2.037,0,0,0,0,-6.521,0.285,-6.72,-5.973,13.65,0.029,13.61,13.7,13.57,0.044,13.48,13.65,83.9,0.22,83.5,84.4,13.68,13.74,12.46
2002,273,510,2.545,341.3,13.52,14.03,13.84,1.823,0.043,1.708,1.971,0,0,0,0,-7.07,0.319,-7.47,-6.72,13.55,0.028,13.51,13.6,13.45,0.025,13.41,13.5,83.9,0.178,83.5,84.2,13.57,13.62,12.45
2002,273,520,2.352,335.7,11.67,13.97,13.78,1.89,0.058,1.84,1.971,0,0,0,0,-6.44,0.407,-7.09,-5.6,13.48,0.017,13.46,13.51,13.42,0.023,13.39,13.49,83.9,0.215,83.6,84.3,13.55,13.6,12.45
2002,273,530,2.394,340.9,8.93,13.91,13.74,1.88,0.061,1.774,1.971,0,0,0,0,-5.556,0.206,-5.973,-5.226,13.45,0.016,13.42,13.48,13.43,0.032,13.38,13.51,84,0.234,83.5,84.6,13.55,13.61,12.44
2002,273,540,2.328,335.1,22.06,13.87,13.71,1.874,0.065,1.774,1.971,0,0,0,0,-5.395,0.308,-5.973,-4.853,13.43,0.012,13.4,13.45,13.42,0.044,13.32,13.49,83.9,0.323,83.3,84.4,13.53,13.59,12.44
2002,273,550,2.173,314.3,13.79,13.83,13.67,1.862,0.058,1.708,1.971,0,0,0,0,-5.699,0.311,-6.347,-5.227,13.39,0.013,13.37,13.43,13.34,0.023,13.29,13.38,83.7,0.224,83.3,84.2,13.46,13.52,12.44
2002,273,600,2.261,337.6,13.91,13.79,13.64,1.918,0.057,1.774,2.037,0,0,0,0,-5.556,0.273,-5.973,-5.227,13.36,0.01,13.34,13.38,13.36,0.027,13.3,13.4,84,0.261,83.6,84.4,13.47,13.51,12.43
2002,273,610,2.413,342.8,11.68,13.76,13.6,1.866,0.059,1.774,2.037,0,0,0,0,-5.992,0.23,-6.347,-5.227,13.32,0.019,13.28,13.35,13.29,0.054,13.19,13.37,84,0.253,83.6,84.8,13.39,13.47,12.43
2002,273,620,1.73,345.3,17.37,13.71,13.54,1.775,0.057,1.577,1.906,0,0,0,0,-6.048,0.19,-6.347,-5.6,13.26,0.014,13.23,13.28,13.19,0.02,13.14,13.22,84,0.204,83.6,84.4,13.31,13.36,12.43
2002,273,630,1.457,315.5,24.1,13.67,13.49,1.66,0.08,1.511,1.84,0,0,0,0,-6.141,0.23,-6.72,-5.6,13.2,0.023,13.16,13.25,13.13,0.055,13.05,13.24,83.9,0.196,83.6,84.4,13.26,13.34,12.42
2002,273,640,0.656,314.4,44.94,13.62,13.44,1.597,0.054,1.511,1.708,0,0,0,0,-5.724,0.656,-6.72,-4.853,13.16,0.008,13.15,13.18,13.09,0.049,13.03,13.17,83.9,0.171,83.6,84.2,13.27,13.34,12.41
2002,273,650,1.142,309.7,16,13.58,13.42,1.656,0.061,1.511,1.84,0,0,0,0,-4.81,0.335,-5.227,-4.107,13.17,0.01,13.15,13.18,13.16,0.025,13.11,13.2,83.9,0.169,83.5,84.3,13.31,13.35,12.41
2002,273,700,1.4,347.2,15.4,13.55,13.41,2.544,0.493,1.774,3.351,0,0,0,0,-3.939,0.323,-4.48,-3.36,13.2,0.009,13.17,13.21,13.26,0.027,13.18,13.3,84.4,0.207,84.1,85,13.37,13.43,12.41
2002,273,710,1.491,323.8,24.11,13.53,13.4,4.333,0.513,3.417,5.323,0,0,0,0,-2.85,0.718,-3.733,-1.493,13.17,0.011,13.15,13.19,13.13,0.053,13.05,13.25,84.3,0.142,84.1,84.6,13.25,13.32,12.4
2002,273,720,1.116,325,24.6,13.51,13.38,7.27,1.315,5.388,9.86,0,0,0,0,0.787,1.282,-1.12,3.143,13.18,0.011,13.16,13.2,13.12,0.023,13.08,13.18,84.3,0.161,84,84.8,13.28,13.32,12.4
2002,273,730,1.038,345.1,35.04,13.5,13.38,13.12,2.124,9.92,18.14,0,0,0,0,6.145,2.058,3.143,10.06,13.23,0.031,13.18,13.27,13.15,0.055,13.08,13.24,84.1,0.185,83.8,84.5,13.32,13.4,12.4
2002,273,740,0.987,350.2,21.38,13.5,13.41,16.6,1.225,14.85,18.6,0,0,0,0,9.56,1.022,8.17,11,13.33,0.033,13.27,13.38,13.23,0.02,13.19,13.27,84.1,0.141,83.9,84.4,13.41,13.45,12.4
2002,273,750,1.076,326.2,25.68,13.51,13.44,21.09,3.767,16.1,25.82,0,0,0,0,13.4,3.346,9.12,17.92,13.43,0.034,13.38,13.51,13.26,0.036,13.2,13.36,84,0.125,83.7,84.1,13.45,13.54,12.41
2002,273,800,0.837,351.3,13.14,13.54,13.48,18.07,3.384,12.75,25.23,0,0,0,0,11.03,3.265,6.286,17.6,13.57,0.039,13.51,13.64,13.38,0.036,13.32,13.45,84,0.142,83.6,84.2,13.58,13.65,12.39
2002,273,810,1.516,31.04,7.52,13.57,13.51,12,0.925,10.71,13.8,0,0,0,0,4.358,0.821,3.143,5.972,13.63,0.006,13.61,13.64,13.42,0.021,13.39,13.49,84.1,0.149,83.8,84.4,13.61,13.66,12.38
2002,273,820,0.843,29.65,7.21,13.59,13.53,14.47,4.588,10.12,24.12,0,0,0,0,7.65,4.269,3.772,15.4,13.64,0.015,13.62,13.67,13.4,0.024,13.36,13.44,84.1,0.168,83.9,84.5,13.58,13.64,12.39
2002,273,830,1.449,340.1,21.34,13.62,13.59,37.59,4.627,24.97,41.92,0,0,0,0,29.62,5.051,16.34,34.26,13.74,0.043,13.67,13.81,13.46,0.026,13.41,13.51,84,0.281,83.5,84.4,13.68,13.71,12.45
2002,273,840,1.162,18.75,30.17,13.68,13.7,48.11,4.826,37.19,55.46,0,0,0,0,38.78,3.661,31.12,44.32,13.95,0.07,13.83,14.05,13.58,0.042,13.49,13.65,83.7,0.161,83.4,84.2,13.82,13.91,12.5
2002,273,850,1.334,327.2,12.66,13.76,13.82,62.29,4.342,55.72,68.67,0,0,0,0,50.57,3.944,44.95,56.58,14.15,0.058,14.05,14.26,13.58,0.026,13.54,13.63,83.6,0.222,83.4,84.3,13.86,13.9,12.58
2002,273,900,0.837,21.13,20.54,13.86,13.96,76.1,3.749,68.8,80.6,0,0,0,0,63.08,3.014,56.89,66.32,14.47,0.119,14.26,14.68,13.67,0.025,13.6,13.71,83.5,0.155,83.2,83.9,14.04,14.13,12.7
2002,273,910,0.35,357,54.91,13.99,14.16,87.9,3.371,81,92.6,0,0,0,0,72.8,3.896,65.38,78.6,14.93,0.15,14.68,15.16,13.73,0.045,13.68,13.84,83.2,0.17,82.9,83.5,14.25,14.38,12.82
2002,273,920,1.013,79.2,21.65,14.14,14.32,83.7,0.511,83.3,85,0,0,0,0,60.44,1.84,57.52,64.75,15.29,0.061,15.16,15.37,13.8,0.029,13.74,13.87,82.9,0.135,82.7,83.2,14.32,14.39,12.87
2002,273,930,0.997,73.5,22.74,14.26,14.42,92.1,6.694,85.2,106.8,0,0,0,0,68.96,6.38,61.92,84.5,15.41,0.026,15.37,15.48,13.81,0.023,13.76,13.87,83.1,0.126,82.9,83.4,14.33,14.39,12.95
2002,273,940,1.065,84.6,11.44,14.38,14.58,108.6,4.459,103.6,120.6,0,0,0,0,84.5,3.493,80.1,93.7,15.58,0.057,15.48,15.7,13.92,0.029,13.87,13.97,83.1,0.239,82.5,83.4,14.51,14.6,13.02
2002,273,950,1.221,107.9,13.36,14.52,14.8,143.2,9.02,121.7,157.1,0,0,0,0,115.4,9.12,94.3,126.7,15.84,0.111,15.69,16.06,13.94,0.031,13.88,14,82.7,0.23,82.2,83.2,14.64,14.7,13.12
2002,273,1000,1.116,111.3,20.67,14.69,15.09,173.6,11.88,157.8,189.5,0,0,0,0,142.9,9.99,127,160,16.31,0.154,16.05,16.58,14.07,0.058,13.91,14.14,82.6,0.294,82.1,83.1,14.89,14.99,13.22
2002,273,1010,1.457,110.2,11.9,14.91,15.34,171.6,4.504,165.6,183.8,0,0,0,0,134.8,5.568,129.2,151.8,16.74,0.082,16.59,16.85,14.16,0.046,14.09,14.25,82.4,0.247,81.8,82.8,15.06,15.14,13.2
2002,273,1020,0.924,154.2,32.67,15.11,15.55,179.7,1.982,175.5,182.9,0,0,0,0,144.1,4.406,137,152.4,17.09,0.138,16.86,17.3,14.31,0.087,14.15,14.45,82.1,0.445,81.1,82.8,15.18,15.37,13.21
2002,273,1030,1.282,123.2,12.4,15.33,15.79,193.5,7.58,180.6,204.5,0,0,0,0,148.2,7.16,138.9,158.7,17.44,0.093,17.3,17.59,14.34,0.039,14.26,14.42,81.2,0.382,80.3,81.9,15.23,15.31,13.21
2002,273,1040,1.07,110.2,12.61,15.54,16.04,234.9,15.42,205.1,252.8,0,0,0,0,187.9,14.94,158.7,210.6,17.85,0.147,17.6,18.13,14.36,0.037,14.28,14.46,81.4,0.207,81.1,81.9,15.38,15.62,13.21
2002,273,1050,1.235,101.7,15.72,15.8,16.45,281.9,20.59,253,315.9,0,0,0,0,227.2,17.75,200.2,247.6,18.46,0.222,18.15,18.76,14.6,0.083,14.46,14.74,81.2,0.545,79.7,81.9,15.86,16.04,13.2
2002,273,1100,1.461,106,11.5,16.13,16.88,379.9,83.8,315.4,692.1,-0.005,0.02,-0.093,0,308.8,63.06,248.9,520.7,19.2,0.3,18.73,19.73,14.72,0.127,14.55,14.99,80.6,0.308,79.8,81.2,16.1,16.5,13.2
2002,273,1110,1.753,104,13.9,16.55,17.49,570,158.6,355.7,950,-0.043,0.046,-0.093,0,457.8,126.3,276.2,692.3,20.32,0.375,19.73,21.1,14.95,0.054,14.81,15.05,80,0.512,78.5,81.1,16.63,17.16,13.19
2002,273,1120,2.242,97.1,10.26,17.13,18.11,542,152.4,349.6,908,-0.049,0.046,-0.093,0,425.4,118.6,246.4,702,21.77,0.255,21.14,22.05,15.04,0.199,14.75,15.35,79.2,0.744,77.9,80.8,17.08,17.58,13.18
2002,273,1130,2.128,86.2,11.99,17.53,17.76,618,206.5,302.6,863,-0.07,0.04,-0.093,0,459.2,179,186.7,664,21.93,0.077,21.82,22.11,14.83,0.07,14.72,15.01,79.8,0.457,78.7,80.6,16.69,17.13,13.17
2002,273,1140,2.256,88.1,10.79,17.81,18.18,739,134.5,310.5,855,-0.091,0.012,-0.093,0,589.4,96.4,275.6,668.4,22.7,0.362,22.13,23.24,15.27,0.214,14.94,15.53,79.1,0.473,77.9,80,17.68,18.01,13.17
2002,273,1150,2.712,90.2,10.32,18.16,18.24,685.2,32.45,498.8,726,-0.08,0.032,-0.093,0,493.6,24.08,378.6,508.4,23.19,0.077,23.02,23.28,15.26,0.148,14.95,15.49,79.3,0.584,77.8,80.7,17.38,17.74,13.16
2002,273,1200,2.366,79.2,12.09,18.29,18.13,691.9,1.896,687.4,696.7,-0.085,0.026,-0.093,0,514.8,3.014,505.2,520,23.05,0.033,22.99,23.1,15.17,0.082,14.96,15.31,79.1,0.699,77.7,80.5,17.21,17.48,13.16
2002,273,1210,2.422,63.96,12.91,18.38,18.16,698.5,3.228,692.5,705,-0.08,0.032,-0.093,0,515.3,2.438,510.6,520,22.99,0.043,22.92,23.07,15.07,0.089,14.96,15.21,78.3,0.45,76.9,79.1,17,17.18,13.16
2002,273,1220,2.624,61.58,12.48,18.42,18.11,707,2.327,702,711,-0.06,0.044,-0.093,0,519.4,3.418,514,525,22.87,0.06,22.8,23,14.94,0.094,14.79,15.1,78.2,0.593,77,79.4,17.04,17.35,13.15
2002,273,1230,3.021,1.395,22.23,18.42,18.07,713,1.356,710,717,-0.059,0.045,-0.093,0,531.8,5.563,525,543.9,22.86,0.064,22.79,23,15.08,0.208,14.77,15.44,75,1.453,72.6,77.8,16.81,17.11,13.15
2002,273,1240,4.372,348.4,13.38,18.46,18.01,717,1.697,712,720,-0.045,0.046,-0.093,0,535.2,6.085,525.6,545.8,22.47,0.216,22.14,22.83,15.38,0.029,15.31,15.42,72.6,0.386,71.8,73.6,16.38,16.64,13.15
2002,273,1250,4.407,336.3,15.97,18.41,17.88,720,1.696,716,723,-0.042,0.046,-0.093,0,554.1,4.12,546.4,561.8,21.83,0.158,21.61,22.12,15.38,0.051,15.28,15.46,72.1,0.428,71,73.1,16.28,16.49,13.15
2002,273,1300,4.518,337.5,18.38,18.31,17.78,722,1.031,719,724,-0.046,0.046,-0.093,0,563.9,1.808,559.9,567.1,21.47,0.09,21.3,21.6,15.41,0.06,15.27,15.5,71.9,0.582,70.2,73.2,16.27,16.49,13.16
2002,273,1310,4.397,333.7,21.54,18.18,17.64,724,1.251,721,726,-0.06,0.044,-0.093,0,573,4.919,563.4,579.4,21.2,0.04,21.15,21.3,15.36,0.116,15.2,15.64,71.6,0.572,70.7,72.9,16.21,16.47,13.16
2002,273,1320,4.319,331.2,17.65,18.06,17.39,723,2.51,717,727,-0.077,0.035,-0.093,0,575.1,2.732,570.9,581,21.19,0.055,21.09,21.28,15.55,0.084,15.43,15.68,70.5,0.623,69.09,71.9,16.32,16.56,13.16
2002,273,1330,5.176,324.5,18.52,17.98,17.54,717,2.188,712,721,-0.07,0.04,-0.093,0,568.7,2.222,564.9,574,21.25,0.016,21.23,21.29,15.62,0.047,15.53,15.72,70.5,0.472,69.64,71.6,16.33,16.58,13.16
2002,273,1340,5.078,328.3,21.03,17.93,17.62,713,1.926,709,717,-0.068,0.041,-0.093,0,569.6,1.702,566.2,573.1,21.1,0.043,21.04,21.23,15.65,0.065,15.52,15.77,70.9,0.544,69.32,72,16.31,16.6,13.16
2002,273,1350,5.31,324.8,20.6,17.9,17.71,704,4.187,694.6,713,-0.079,0.033,-0.093,0,560,8.77,545.1,574,21.12,0.069,20.97,21.24,15.63,0.162,15.29,15.8,70.8,0.652,69.62,72.2,16.33,16.78,13.16
2002,273,1400,5.129,317.3,15.95,17.87,17.65,692.4,3.553,683.9,698.2,-0.082,0.03,-0.093,0,549.8,2.446,543.9,555.2,20.9,0.055,20.81,20.98,15.42,0.071,15.29,15.55,71.3,0.602,69.77,73,16.04,16.26,13.16
2002,273,1410,4.451,312.8,18.11,17.83,17.67,681.6,3.635,674,690.2,-0.056,0.045,-0.093,0,538.8,4.036,531.9,549.5,20.9,0.055,20.8,21,15.47,0.067,15.37,15.65,70.9,0.552,69.91,72,16.09,16.46,13.16
2002,273,1420,4.824,325.5,20.68,17.84,17.8,670.2,5.266,659.4,678.7,-0.07,0.04,-0.093,0,523.9,9.93,509.3,544.5,21.14,0.034,21.04,21.21,15.68,0.13,15.47,15.87,71.2,0.584,70.1,72.8,16.42,16.81,13.16
2002,273,1430,4.931,320.4,26.21,17.87,17.77,652.9,26.47,511.4,671.5,-0.082,0.03,-0.093,0,504,15.32,437.1,520,21.12,0.064,21.02,21.2,15.58,0.035,15.51,15.65,73.6,1.417,71.3,76,16.27,16.4,13.16
2002,273,1440,4.651,330.8,16.4,17.9,17.87,627.7,79.2,291.6,691.7,-0.073,0.038,-0.093,0,493.4,38.28,312.3,521.9,21.14,0.068,21,21.23,15.59,0.079,15.43,15.72,75.1,0.603,74,76.2,16.45,16.74,13.16
2002,273,1450,4.601,339.2,17.01,17.93,17.88,638.1,19.55,586.8,706,-0.071,0.039,-0.093,0,485.3,27.08,339.3,509.9,21.13,0.052,21.02,21.19,15.46,0.048,15.37,15.54,75.3,0.407,74.6,76.3,16.32,16.51,13.16
2002,273,1500,4.984,338.5,16.72,17.95,17.9,584.2,55.22,279.5,643.3,-0.073,0.038,-0.093,0,442.1,27.85,383,486.1,21.12,0.033,21.05,21.17,15.4,0.048,15.33,15.49,75.5,0.378,74.6,76.3,16.25,16.42,13.16
2002,273,1510,4.301,322.9,16.64,17.96,17.91,578.1,58.43,375,630.1,-0.068,0.041,-0.093,0,435.1,41.29,306.7,484.2,21,0.038,20.92,21.09,15.36,0.05,15.27,15.45,75.2,0.477,73.8,76.2,16.06,16.21,13.16
2002,273,1520,4.644,331.9,20.22,17.96,17.9,575.2,13.67,546.3,599.3,-0.074,0.037,-0.093,0,434.9,10.78,412.5,449.6,20.95,0.048,20.87,21.05,15.37,0.047,15.27,15.44,75.4,0.526,74.5,76.5,16.18,16.37,13.16
2002,273,1530,4.842,341.5,19.09,17.96,17.94,545.2,7.42,533.2,561.4,-0.063,0.043,-0.093,0,403.8,7.01,393.4,416.3,20.95,0.045,20.86,21.01,15.37,0.064,15.26,15.48,75.4,0.458,74.4,76.4,16.18,16.45,13.16
2002,273,1540,4.446,313.6,17.31,17.97,17.97,523.3,6.87,509.9,536.1,-0.07,0.04,-0.093,0,381.2,12.42,362.9,401.2,20.98,0.057,20.87,21.09,15.41,0.103,15.2,15.54,75.2,0.569,73.9,76.6,16.11,16.46,13.16
2002,273,1550,4.419,314.6,18.14,17.96,17.91,496.5,7.09,482.9,511.3,-0.065,0.043,-0.093,0,354.5,8.44,342.5,367.9,20.86,0.071,20.73,20.97,15.35,0.078,15.2,15.49,76,0.613,74.8,77.4,16.04,16.29,13.16
2002,273,1600,4.145,329.3,20.6,17.93,17.92,470.9,6.632,460.8,483.8,-0.076,0.036,-0.093,0,335.9,5.051,327.4,342.2,20.77,0.054,20.69,20.89,15.41,0.088,15.26,15.57,76.7,0.512,75.7,77.8,16.2,16.51,13.16
2002,273,1610,4.14,346.7,17.2,17.92,18,446.1,7.88,431.7,459.3,-0.063,0.043,-0.093,0,314,7.55,299.4,328.7,20.89,0.042,20.81,20.97,15.49,0.038,15.41,15.58,76.6,0.385,75.7,77.5,16.36,16.55,13.16
2002,273,1620,4.114,336,19.09,17.93,17.98,242.7,135.7,92,431.3,-0.062,0.044,-0.093,0,284.6,8.58,274.9,300.1,20.9,0.082,20.78,21.04,15.4,0.063,15.27,15.47,76.9,0.38,75.9,77.6,16.24,16.42,13.16
2002,273,1630,4.038,316.3,20.45,17.91,17.94,299.7,101.6,92.3,385.6,-0.07,0.04,-0.093,0,260.1,11.18,239.1,277.1,20.79,0.099,20.53,20.91,15.41,0.103,15.14,15.53,77.1,0.439,76.3,78.1,16.21,16.48,13.16
2002,273,1640,4.373,305,14.93,17.85,17.69,321.9,77.2,96.3,370.4,-0.07,0.04,-0.093,0,236.5,3.768,227.8,241.3,20.36,0.111,20.13,20.53,15.1,0.054,14.99,15.18,78.3,0.429,77.5,79.5,15.73,15.95,13.16
2002,273,1650,3.913,315.3,18.03,17.74,17.6,311.9,57.49,113.1,383,-0.082,0.03,-0.093,0,222.6,13.84,177.8,237.5,20.04,0.041,19.97,20.12,15.13,0.041,15.04,15.22,78.3,0.375,77.7,79.1,15.78,16.02,13.16
2002,273,1700,3.627,325.2,22.5,17.66,17.55,260.4,68.77,174.3,383.5,-0.085,0.026,-0.093,0,171.3,45.38,102.7,272.7,19.83,0.175,19.53,20.09,15.2,0.072,15.05,15.33,78.5,0.521,77,79.7,15.9,16.26,13.17
2002,273,1710,4.059,334.6,16.15,17.57,17.25,187.7,52.57,141.5,343.9,-0.088,0.02,-0.093,0,117.4,37.12,74.8,246,19.03,0.304,18.59,19.6,14.98,0.048,14.9,15.08,79.5,0.482,78.5,80.5,15.54,15.68,13.17
2002,273,1720,3.531,326.5,17.94,17.42,17.11,202.2,57.86,135,313.8,-0.084,0.028,-0.093,0,150.5,43.08,84.8,221.2,18.41,0.105,18.23,18.6,15.03,0.041,14.95,15.1,80.6,0.349,79.9,81.4,15.61,15.7,13.17
2002,273,1730,3.758,342.4,18.27,17.3,17.06,155.2,49.93,84.1,286.1,-0.051,0.046,-0.093,0,132,48.66,41.16,214.6,18.3,0.078,18.14,18.4,15.05,0.046,14.97,15.16,80.3,0.515,79.5,81.5,15.69,15.9,13.16
2002,273,1740,4.083,346.4,12.82,17.15,16.68,89.3,8.16,76.9,123.6,-0.043,0.046,-0.093,0,34.46,20.96,6.284,96.1,17.86,0.29,17.3,18.27,14.83,0.071,14.74,14.97,80.9,0.582,79.6,81.9,15.25,15.47,13.17
2002,273,1750,3.375,349.8,17.06,16.89,16.31,78.2,8.12,65.82,95.1,-0.031,0.044,-0.093,0,39.92,4.877,32.68,49.02,16.8,0.263,16.37,17.28,14.7,0.026,14.64,14.76,81.7,0.327,81,82.3,15.05,15.14,13.12
2002,273,1800,3.514,334.8,20.69,16.66,16.12,56.94,2.588,53.41,64.57,-0.005,0.02,-0.093,0,30.96,3.104,25.45,35.82,16.05,0.168,15.79,16.36,14.65,0.053,14.51,14.73,81.9,0.332,81.2,82.5,14.96,15.07,13
2002,273,1810,3.147,316,18.72,16.46,15.96,71.1,13.11,54.26,109.9,-0.002,0.012,-0.093,0,33.28,18.58,7.54,72.3,15.78,0.023,15.74,15.83,14.61,0.055,14.52,14.7,81.7,0.25,81.1,82.3,14.94,15.07,12.98
2002,273,1820,2.517,329.9,13.76,16.24,15.75,67.37,7.47,54.4,83.2,-0.005,0.02,-0.093,0,15.97,8.85,0.628,31.42,15.99,0.122,15.78,16.21,14.68,0.066,14.59,15.06,81.9,0.221,81.4,82.4,15.1,15.25,12.88
2002,273,1830,2.58,316,20.45,16,15.56,42.9,6.059,33.11,53.87,0,0,0,0,-13.64,7.54,-25.01,0.314,16.25,0.055,16.14,16.34,14.74,0.026,14.68,14.79,82.1,0.165,81.8,82.7,15.13,15.26,12.79
2002,273,1840,2.794,316.6,18.03,15.79,15.33,23.81,5.692,14.39,33.04,0,0,0,0,-34.44,5.889,-44.42,-25.38,15.91,0.159,15.6,16.14,14.66,0.037,14.59,14.73,82.2,0.187,81.9,82.8,14.9,15.02,12.7
2002,273,1850,2.239,296.4,20.63,15.56,14.96,9.42,2.591,5.256,14.32,0,0,0,0,-46.73,0.779,-48.15,-44.79,15.23,0.204,14.9,15.58,14.55,0.022,14.51,14.6,82.4,0.169,82.1,82.7,14.68,14.74,12.66
2002,273,1900,2.223,305.3,13.79,15.29,14.66,3.051,1.041,1.577,5.256,0,0,0,0,-47.66,0.364,-48.15,-47.03,14.63,0.14,14.41,14.89,14.48,0.03,14.42,14.53,82.8,0.176,82.5,83.1,14.58,14.66,12.64
2002,273,1910,1.98,287,16.79,15.03,14.41,0.677,0.407,0.131,1.511,0,0,0,0,-47,0.349,-47.78,-46.66,14.24,0.091,14.1,14.4,14.38,0.046,14.31,14.45,83.2,0.162,82.9,83.6,14.49,14.56,12.62
2002,273,1920,1.92,292.7,15.01,14.78,14.18,-0.092,0.103,-0.197,0.131,0,0,0,0,-46.15,0.582,-47.03,-44.8,13.97,0.069,13.86,14.09,14.27,0.041,14.18,14.35,83.4,0.15,83.1,83.7,14.35,14.44,12.61
2002,273,1930,1.951,284.9,16.69,14.55,13.99,-0.152,0.041,-0.197,-0.066,0,0,0,0,-44.26,0.258,-44.8,-43.68,13.79,0.041,13.72,13.86,14.15,0.022,14.11,14.21,83.1,0.141,82.8,83.5,14.24,14.3,12.6
2002,273,1940,1.695,283.8,20.06,14.34,13.8,-0.151,0.03,-0.197,-0.131,0,0,0,0,-43.88,0.315,-44.42,-43.3,13.66,0.038,13.59,13.72,14.09,0.027,14.04,14.14,83.1,0.124,82.9,83.4,14.17,14.23,12.6
2002,273,1950,1.821,277,16.57,14.15,13.64,-0.152,0.035,-0.263,-0.131,0,0,0,0,-42.68,0.896,-44.05,-41.44,13.56,0.022,13.52,13.6,14.03,0.019,14,14.07,83.3,0.121,83.1,83.6,14.11,14.13,12.59
2002,273,2000,1.851,282.2,16.11,13.98,13.53,-0.161,0.041,-0.263,-0.131,0,0,0,0,-42.24,0.397,-42.93,-41.44,13.49,0.016,13.47,13.52,14,0.018,13.97,14.03,83.5,0.206,83.1,83.9,14.08,14.12,12.59
2002,273,2010,2.074,286.8,12.16,13.84,13.41,-0.222,0.048,-0.263,-0.131,0,0,0,0,-42.04,0.404,-42.93,-41.44,13.43,0.018,13.4,13.47,13.92,0.026,13.88,13.98,83.9,0.192,83.6,84.6,13.99,14.06,12.58
2002,273,2020,2.044,273.5,12.37,13.71,13.32,-0.33,0.052,-0.394,-0.263,0,0,0,0,-41.72,0.364,-42.56,-41.44,13.38,0.013,13.36,13.41,13.89,0.048,13.85,14.24,84.6,0.161,84.2,85,13.94,13.97,12.57
2002,273,2030,2.028,270,13.87,13.61,13.25,-0.413,0.036,-0.526,-0.329,0,0,0,0,-41.51,0.531,-42.56,-40.69,13.36,0.006,13.34,13.37,13.9,0.017,13.86,13.93,85,0.112,84.8,85.3,13.95,13.98,12.57
2002,273,2040,2.04,269.9,16.04,13.51,13.18,-0.476,0.031,-0.526,-0.394,0,0,0,0,-41.07,0.341,-41.44,-40.32,13.36,0.006,13.34,13.37,13.91,0.011,13.89,13.94,85.1,0.085,85,85.4,13.96,13.99,12.57
2002,273,2050,2.135,267.3,16.53,13.44,13.13,-0.555,0.046,-0.591,-0.46,0,0,0,0,-41.04,0.329,-41.44,-40.32,13.37,0.005,13.35,13.38,13.94,0.012,13.9,13.96,85.5,0.124,85.2,85.7,13.98,14,12.56
2002,273,2100,2.129,266.6,15.23,13.37,13.08,-0.586,0.025,-0.657,-0.526,0,0,0,0,-40.96,0.421,-41.44,-39.95,13.37,0.006,13.36,13.38,13.93,0.012,13.9,13.96,85.6,0.062,85.5,85.8,13.96,13.99,12.56
2002,273,2110,2.466,272.3,15.8,13.31,13.05,-0.575,0.028,-0.591,-0.526,0,0,0,0,-40.17,0.362,-40.69,-39.57,13.37,0.007,13.36,13.39,13.91,0.01,13.88,13.93,85.8,0.118,85.6,86.1,13.95,13.98,12.56
2002,273,2120,2.767,278.8,16.08,13.28,13.06,-0.542,0.06,-0.723,-0.46,0,0,0,0,-40.74,0.632,-41.44,-39.57,13.39,0.009,13.38,13.41,13.91,0.012,13.89,13.94,85.8,0.108,85.6,86,13.95,13.97,12.55
2002,273,2130,2.474,284.7,14.62,13.25,13.02,-0.425,0.057,-0.591,-0.329,0,0,0,0,-41.54,0.272,-42.19,-41.07,13.42,0.01,13.4,13.44,13.92,0.014,13.88,13.94,85.4,0.178,85.1,85.8,13.97,14,12.55
2002,273,2140,2.434,288.8,19.54,13.21,13,-0.327,0.035,-0.46,-0.197,0,0,0,0,-41.69,0.407,-42.19,-40.69,13.43,0.007,13.41,13.44,13.92,0.015,13.88,13.96,85.1,0.141,84.9,85.6,13.97,14,12.55
2002,273,2150,2.659,288.5,13.18,13.18,12.96,-0.248,0.06,-0.329,-0.197,0,0,0,0,-41.09,0.534,-42.19,-40.32,13.42,0.005,13.41,13.43,13.9,0.017,13.87,13.94,84.8,0.154,84.6,85.2,13.95,13.98,12.55
2002,273,2200,2.747,288.6,14.03,13.15,12.95,-0.127,0.057,-0.197,-0.066,0,0,0,0,-40.81,0.464,-41.44,-39.95,13.43,0.01,13.41,13.44,13.92,0.024,13.87,13.96,84.4,0.194,84.2,84.9,13.97,14.02,12.55
2002,273,2210,2.37,298.2,14.08,13.13,12.92,-0.1,0.047,-0.197,-0.066,0,0,0,0,-41.55,0.515,-42.56,-40.69,13.43,0.009,13.4,13.45,13.91,0.019,13.88,13.96,84.5,0.165,84.1,84.8,13.93,13.97,12.54
2002,273,2220,2.428,298.2,15.44,13.1,12.88,-0.212,0.03,-0.329,-0.197,0,0,0,0,-41.02,0.638,-42.56,-39.95,13.4,0.009,13.38,13.42,13.9,0.009,13.88,13.92,84.8,0.08,84.6,85,13.93,13.96,12.54
2002,273,2230,2.564,310.2,16.51,13.07,12.86,-0.106,0.056,-0.197,0,0,0,0,0,-40.16,0.596,-41.81,-39.57,13.43,0.019,13.39,13.45,13.97,0.049,13.88,14.04,84.7,0.156,84.2,85,14.01,14.06,12.54
2002,273,2240,2.964,316.2,15.85,13.06,12.88,0.019,0.054,-0.066,0.066,0,0,0,0,-40.32,0.862,-42.19,-38.83,13.47,0.018,13.43,13.49,14.04,0.023,13.98,14.08,84.4,0.128,84.1,84.7,14.05,14.09,12.54
2002,273,2250,2.964,310.1,11.39,13.07,12.91,0.064,0.046,-0.066,0.197,0,0,0,0,-41.62,0.793,-42.93,-40.32,13.47,0.014,13.45,13.49,13.97,0.05,13.89,14.06,84.4,0.139,84.1,84.7,13.97,14.05,12.53
2002,273,2300,3.286,310.5,12.02,13.06,12.9,0.143,0.05,0.066,0.197,0,0,0,0,-41.51,0.543,-42.19,-40.69,13.45,0.011,13.43,13.47,13.91,0.02,13.86,13.96,84.2,0.139,84,84.6,13.93,13.97,12.53
2002,273,2310,2.479,301.9,13.43,13.06,12.88,0.127,0.052,0.066,0.197,0,0,0,0,-42.72,0.607,-43.68,-41.07,13.41,0.022,13.38,13.44,13.86,0.035,13.8,13.91,84.2,0.15,83.9,84.6,13.86,13.91,12.53
2002,273,2320,2.37,295,13.21,13.02,12.8,0.08,0.036,0,0.197,0,0,0,0,-42.85,0.737,-44.06,-41.44,13.32,0.025,13.28,13.37,13.78,0.027,13.72,13.84,84.1,0.122,83.9,84.5,13.78,13.84,12.53
2002,273,2330,2.112,282.7,15.66,12.95,12.73,0.079,0.026,0.066,0.131,0,0,0,0,-43.1,0.534,-43.68,-42.19,13.23,0.035,13.17,13.28,13.7,0.035,13.63,13.76,84.1,0.108,83.9,84.4,13.67,13.76,12.53
2002,273,2340,2.018,276.8,13.81,12.87,12.63,0.035,0.042,-0.066,0.066,0,0,0,0,-43.15,0.474,-43.68,-42.19,13.11,0.036,13.05,13.18,13.6,0.037,13.52,13.67,84.5,0.162,84.3,84.7,13.56,13.63,12.52
2002,273,2350,2.053,283.6,14.22,12.79,12.53,-0.012,0.044,-0.066,0.066,0,0,0,0,-42.89,0.394,-43.68,-42.19,13.01,0.025,12.98,13.05,13.52,0.015,13.48,13.54,84.9,0.128,84.7,85.2,13.49,13.51,12.52
