year,day,time,ws,wd,wd-sd,panel C,box C,LiCor,LiCor-sd,LiCor-min,LiCor-max,KZ,KZ-SD,KZ-min,KZ-max,Rad T,Rad T SD,Rad T min,Rad T max,Air C,Air C-sd,Air C-min,Air C-max,Air C,Air C-sd,Air C-min,Air C-max,RH,RH-sd,RH-min,RH-max,Air2 C min,Air2 C max,Batt V
2004,213,10,2.064,328.7,16.55,14.19,14.07,-7,0.527,-8.02,-6.243,0,0,0,0,-5.497,2.501,-11.2,0.629,13.64,0.023,13.6,13.67,13.88,0.041,13.79,13.95,93.9,0.134,93.7,94.3,14.05,14.14,12.57
2004,213,20,1.871,342.5,14.66,14.16,14.04,-6.757,0.575,-7.89,-5.914,0,0,0,0,-3.374,1.878,-7.09,1.572,13.62,0.01,13.6,13.64,13.91,0.036,13.81,13.97,94.1,0.097,93.9,94.3,14.09,14.17,12.57
2004,213,30,2.482,332.6,19.6,14.13,14.03,-6.844,0.48,-7.75,-6.046,0,0,0,0,-5.237,4.043,-13.81,1.572,13.65,0.009,13.63,13.67,13.94,0.044,13.85,14,94,0.152,93.7,94.3,14.09,14.18,12.56
2004,213,40,2.155,332.2,12.15,14.11,14,-6.826,0.409,-7.62,-6.112,0,0,0,0,-5.849,2.059,-10.83,-1.12,13.61,0.015,13.58,13.66,13.86,0.024,13.81,13.9,93.9,0.097,93.7,94.1,14.03,14.08,12.56
2004,213,50,1.639,337.4,20.33,14.08,13.99,-6.555,0.448,-7.49,-5.98,0,0,0,0,-3.505,2.101,-7.47,0.943,13.59,0.01,13.57,13.61,13.9,0.022,13.85,13.93,93.9,0.117,93.6,94.1,14.08,14.13,12.56
2004,213,100,1.713,349.2,14.96,14.06,13.98,-6.477,0.148,-6.703,-6.177,-0.002,0.012,-0.093,0,-4.267,2.571,-9.71,0.943,13.57,0.011,13.56,13.59,13.9,0.03,13.86,13.97,93.7,0.08,93.6,93.9,14.11,14.18,12.55
2004,213,110,1.93,345,13.49,14.05,13.96,-6.235,0.229,-6.703,-6.046,0,0,0,0,-5.073,2.211,-10.83,0.314,13.57,0.009,13.56,13.6,13.92,0.029,13.88,13.99,93.5,0.121,93.2,93.8,14.11,14.19,12.55
2004,213,120,1.319,329.4,22.18,14.03,13.95,-6.277,0.118,-6.703,-6.112,0,0,0,0,-3.46,1.422,-5.6,-0.747,13.57,0.008,13.55,13.58,13.92,0.021,13.87,13.96,93.5,0.142,93.2,93.6,14.1,14.14,12.54
2004,213,130,0.855,310.2,14.06,14.02,13.94,-6.933,0.149,-7.23,-6.572,0,0,0,0,-4.412,0.861,-6.347,-1.867,13.54,0.01,13.52,13.56,13.85,0.022,13.8,13.89,93.4,0.095,93.3,93.6,14.03,14.09,12.54
2004,213,140,0.424,305.9,19.65,14,13.92,-7.14,0.105,-7.36,-6.9,0,0,0,0,-3.516,0.874,-5.227,-1.12,13.53,0.008,13.52,13.54,13.84,0.016,13.81,13.88,93.6,0.098,93.3,93.7,14.02,14.06,12.54
2004,213,150,0.323,267.2,24.11,13.99,13.92,-7.22,0.171,-7.36,-6.637,0,0,0,0,-3.615,0.933,-5.227,-1.12,13.56,0.012,13.53,13.58,13.89,0.012,13.85,13.91,93.6,0.044,93.5,93.7,14.07,14.12,12.53
2004,213,200,0.257,254.1,18.2,13.99,13.92,-7.39,0.036,-7.49,-7.36,0,0,0,0,-4.555,0.84,-5.6,-1.867,13.58,0.005,13.56,13.59,13.89,0.032,13.83,13.94,93.6,0.064,93.5,93.8,14.09,14.14,12.53
2004,213,210,0.515,227.7,11.57,13.99,13.92,-7.41,0.059,-7.56,-7.36,0,0,0,0,-3.242,0.707,-4.854,-1.867,13.59,0.011,13.57,13.61,13.89,0.027,13.83,13.94,93.7,0.045,93.6,93.8,14.11,14.17,12.53
2004,213,220,0.963,219.4,8.63,13.99,13.93,-7.33,0.146,-7.56,-7.1,0,0,0,0,-2.377,0.426,-3.36,-1.12,13.62,0.014,13.59,13.63,13.95,0.022,13.91,13.99,93.7,0.034,93.7,93.8,14.19,14.24,12.52
2004,213,230,0.935,223,13.98,13.99,13.94,-7.12,0.07,-7.23,-6.703,0,0,0,0,-3.174,0.733,-4.854,-1.867,13.65,0.009,13.63,13.67,13.99,0.013,13.96,14.01,93.7,0.052,93.6,93.8,14.21,14.24,12.52
2004,213,240,0.636,217.4,18.2,14,13.95,-6.623,0.441,-7.1,-5.98,0,0,0,0,-1.848,0.576,-3.36,-0.373,13.69,0.019,13.66,13.73,14.04,0.028,14,14.09,93.8,0.043,93.7,93.9,14.25,14.34,12.51
2004,213,250,0.892,226.8,9.42,14.01,13.98,-6.374,0.197,-6.703,-6.046,0,0,0,0,-1.493,0.873,-3.36,-0.373,13.76,0.01,13.73,13.78,14.13,0.016,14.09,14.15,93.9,0.053,93.8,94,14.34,14.37,12.51
2004,213,300,1.116,239.1,7.22,14.03,14,-5.753,0.174,-6.112,-5.52,0,0,0,0,-2.819,1.003,-4.854,-1.12,13.77,0.007,13.75,13.79,14.11,0.016,14.07,14.13,93.9,0.074,93.7,94.1,14.35,14.37,12.5
2004,213,310,0.663,237.4,9.76,14.04,14.01,-5.459,0.046,-5.52,-5.389,0,0,0,0,-1.711,0.507,-2.987,-0.373,13.8,0.017,13.77,13.83,14.16,0.028,14.11,14.22,94,0.028,94,94.1,14.39,14.42,12.49
2004,213,320,0.492,272.9,31.1,14.06,14.03,-5.3,0.096,-5.52,-5.126,0,0,0,0,-2.34,0.598,-3.734,-0.373,13.84,0.009,13.82,13.86,14.18,0.011,14.16,14.2,94,0.065,93.9,94.2,14.37,14.41,12.49
2004,213,330,0.475,9.51,16.77,14.08,14.04,-4.873,0.206,-5.126,-4.469,0,0,0,0,-1.985,0.623,-3.36,-0.747,13.88,0.012,13.86,13.89,14.23,0.012,14.2,14.26,94.1,0.045,94,94.2,14.4,14.42,12.49
2004,213,340,0.289,30.19,13.09,14.09,14.05,-4.62,0.21,-4.863,-4.272,0,0,0,0,-3.217,0.832,-4.854,-1.12,13.9,0.009,13.89,13.92,14.2,0.033,14.14,14.24,94.1,0.057,93.9,94.1,14.37,14.41,12.48
2004,213,350,0.334,352.3,21.27,14.1,14.03,-4.068,0.09,-4.206,-3.943,-0.002,0.012,-0.093,0,-3.995,0.683,-4.854,-2.24,13.88,0.013,13.86,13.91,14.13,0.015,14.09,14.17,94.1,0.054,94,94.2,14.3,14.33,12.47
2004,213,400,0.841,337.1,14.32,14.09,14.02,-3.789,0.079,-4.009,-3.68,0,0,0,0,-3.497,0.61,-4.854,-1.867,13.84,0.014,13.82,13.87,14.11,0.015,14.08,14.14,94.2,0.058,94.1,94.3,14.29,14.32,12.47
2004,213,410,0.884,337.5,11.13,14.08,14.01,-3.615,0.044,-3.68,-3.549,0,0,0,0,-2.931,0.605,-4.107,-1.493,13.82,0.007,13.8,13.83,14.13,0.015,14.1,14.17,94.2,0.034,94.2,94.3,14.31,14.34,12.47
2004,213,420,0.753,287.9,14.16,14.07,14,-3.526,0.048,-3.68,-3.417,0,0,0,0,-3.024,0.54,-4.107,-1.493,13.8,0.011,13.78,13.82,14.12,0.022,14.09,14.16,94.1,0.059,94,94.3,14.3,14.35,12.46
2004,213,430,0.914,281.5,12.78,14.07,13.99,-3.828,0.156,-4.14,-3.549,0,0,0,0,-2.365,1.022,-4.48,-0.373,13.79,0.011,13.77,13.82,14.14,0.023,14.1,14.18,94,0.139,93.8,94.3,14.31,14.36,12.46
2004,213,440,1.267,253.4,9.79,14.06,13.99,-4.431,0.124,-4.666,-4.14,0,0,0,0,-1.786,0.492,-3.36,-0.373,13.78,0.005,13.77,13.79,14.16,0.023,14.11,14.21,93.8,0.103,93.5,94,14.34,14.37,12.45
2004,213,450,0.999,272.4,21.85,14.06,13.98,-4.631,0.125,-4.732,-4.272,0,0,0,0,-2.757,0.602,-4.107,-1.867,13.78,0.006,13.77,13.79,14.17,0.01,14.15,14.2,93.5,0.095,93.3,93.6,14.32,14.36,12.45
2004,213,500,1.084,284.3,15.01,14.06,13.98,-3.005,0.944,-4.272,-1.183,0,0,0,0,-1.593,0.881,-3.36,-0.373,13.79,0.007,13.77,13.8,14.22,0.021,14.17,14.26,93.2,0.157,93,93.5,14.36,14.4,12.44
2004,213,510,1.034,290.8,13.71,14.06,13.99,-0.49,0.713,-1.117,1.314,0,0,0,0,-1.395,0.591,-2.614,0.314,13.82,0.011,13.8,13.84,14.27,0.015,14.24,14.31,93,0.066,92.9,93.2,14.4,14.43,12.44
2004,213,520,0.982,271.5,13.7,14.07,14,5.583,2.393,1.511,9.13,0,0,0,0,-1.81,1.064,-3.36,0.314,13.85,0.012,13.83,13.87,14.28,0.017,14.23,14.3,93,0.084,92.8,93.1,14.42,14.44,12.43
2004,213,530,1.275,324.1,23.97,14.09,14.03,12.55,3.21,9.13,19.12,0,0,0,0,-0.618,0.921,-3.36,0.629,13.9,0.019,13.86,13.93,14.33,0.029,14.27,14.38,93.1,0.094,93,93.3,14.46,14.49,12.43
2004,213,540,2.196,345.2,18.74,14.11,14.05,25.5,4.797,19.19,34.3,-0.002,0.012,-0.093,0,-2.32,2.686,-7.47,1.572,13.92,0.01,13.9,13.94,14.29,0.037,14.22,14.34,93.1,0.181,92.9,93.5,14.41,14.46,12.43
2004,213,550,2.45,336.7,13.86,14.13,14.06,38.4,2.433,34.44,43.5,0,0,0,0,-1.046,2.079,-7.09,2.2,13.92,0.013,13.9,13.95,14.27,0.048,14.21,14.36,93.2,0.127,92.9,93.5,14.39,14.47,12.44
2004,213,600,2.501,342.2,12.19,14.14,14.06,47.16,4.672,43.63,59.14,0,0,0,0,-0.221,2.318,-4.107,6.601,13.91,0.008,13.88,13.92,14.21,0.021,14.17,14.25,93.3,0.112,93.1,93.5,14.35,14.38,12.47
2004,213,610,2.53,342.3,14.51,14.15,14.08,49.5,3.231,45.54,58.49,0,0,0,0,-1.795,2.763,-8.96,5.344,13.89,0.011,13.87,13.91,14.16,0.03,14.11,14.23,93.2,0.088,93,93.4,14.31,14.36,12.49
2004,213,620,2.483,330.8,13.42,14.16,14.13,75.7,13.07,54.02,97,0,0,0,0,7.24,4.919,0,18.55,13.89,0.012,13.87,13.92,14.17,0.016,14.14,14.2,93.1,0.113,92.8,93.3,14.36,14.41,12.64
2004,213,630,2.391,335.5,18.75,14.21,14.19,84.9,16.42,69,112.1,-0.003,0.017,-0.093,0,7.56,11.58,-11.57,29.23,13.95,0.021,13.91,14,14.17,0.038,14.1,14.25,92.7,0.187,92.4,93.1,14.37,14.48,12.78
2004,213,640,1.985,336.7,15.58,14.26,14.31,85.7,7.08,74.1,101.3,-0.005,0.02,-0.093,0,5.184,5.748,-4.107,20.43,14.05,0.041,13.99,14.12,14.23,0.019,14.19,14.27,92.5,0.104,92.2,92.7,14.47,14.51,12.84
2004,213,650,1.841,318.1,14.89,14.35,14.4,71.8,2.551,67.42,75.6,0,0,0,0,4.474,5.151,-7.09,12.57,14.18,0.018,14.14,14.21,14.28,0.03,14.23,14.34,92.5,0.138,92.2,92.7,14.47,14.55,12.83
2004,213,700,1.388,312,24.65,14.41,14.45,82.6,3.631,74.3,89,0,0,0,0,9.18,4.069,-2.614,13.52,14.23,0.02,14.2,14.27,14.29,0.017,14.26,14.33,92.7,0.123,92.5,93,14.48,14.54,12.88
2004,213,710,1.678,332.1,23.03,14.48,14.53,86.4,9.34,77.1,107.8,-0.009,0.028,-0.093,0,5.661,6.297,-7.09,15.72,14.31,0.019,14.27,14.35,14.36,0.018,14.3,14.39,93,0.089,92.7,93.1,14.56,14.6,12.92
2004,213,720,1.658,339.9,13.3,14.54,14.53,87.3,9.15,80.1,108.4,-0.014,0.033,-0.093,0,3.92,7.74,-9.33,17.29,14.38,0.023,14.34,14.42,14.39,0.026,14.35,14.45,93.1,0.152,92.9,93.4,14.61,14.7,12.94
2004,213,730,1.99,334,15.1,14.58,14.54,95.1,7.66,84.6,109.9,-0.019,0.037,-0.093,0,5.264,4.555,-1.867,12.26,14.41,0.01,14.39,14.44,14.37,0.029,14.32,14.43,93.3,0.139,93,93.5,14.57,14.64,13.02
2004,213,740,2.43,345.7,11.54,14.62,14.59,122.4,9.09,110.5,133,-0.02,0.038,-0.093,0,5.943,5.014,-2.987,18.55,14.45,0.02,14.41,14.49,14.39,0.037,14.33,14.46,93.4,0.185,92.9,93.7,14.63,14.73,13.12
2004,213,750,2.352,339.5,14.03,14.67,14.66,135.6,12.41,120.7,166.5,-0.015,0.035,-0.093,0,10.45,5.466,-0.373,22.95,14.49,0.017,14.46,14.53,14.38,0.026,14.34,14.43,93.3,0.163,93,93.6,14.64,14.72,13.21
2004,213,800,2.435,332.3,16.41,14.74,14.8,141.9,25.42,113.8,182,-0.015,0.035,-0.093,0,9.7,18.48,-17.92,38.66,14.55,0.024,14.51,14.59,14.35,0.029,14.29,14.41,93.3,0.148,93,93.6,14.64,14.73,13.17
2004,213,810,2.379,343.9,17.31,14.81,14.81,133,13.11,116.7,161.1,-0.02,0.038,-0.093,0,9.09,13.27,-14.56,35.52,14.55,0.015,14.51,14.58,14.34,0.025,14.29,14.39,93.1,0.166,92.8,93.4,14.64,14.73,13.23
2004,213,820,1.778,345.7,16.09,14.9,15.12,245,61.89,162,333.6,-0.059,0.045,-0.093,0,43.47,17.72,20.43,83.9,14.68,0.113,14.53,14.92,14.42,0.07,14.29,14.53,93.3,0.166,92.9,93.5,14.85,15.08,13.24
2004,213,830,2.62,336.7,15.72,15.18,15.66,280.3,29.84,210,323.6,-0.077,0.035,-0.093,0,8.3,27.17,-39.95,65.69,15.22,0.183,14.94,15.49,14.51,0.049,14.45,14.62,92.8,0.326,92.2,93.3,15.03,15.21,13.23
2004,213,840,2.413,352.6,17.5,15.5,15.74,230.2,25.3,198.3,275.1,-0.046,0.046,-0.093,0,-2.579,26.59,-39.2,45.58,15.64,0.049,15.5,15.71,14.57,0.05,14.48,14.66,92.4,0.305,91.8,92.9,15.04,15.2,13.23
2004,213,850,2.706,1.81,15.65,15.7,15.86,215.7,23.8,175.4,249.4,-0.063,0.043,-0.093,0,7.66,16.76,-32.85,41.17,15.75,0.036,15.66,15.8,14.54,0.03,14.48,14.6,92.4,0.206,92,92.8,14.99,15.15,13.22
2004,213,900,3.034,356,16,15.82,15.71,223.9,3.597,217,229.4,-0.076,0.036,-0.093,0,17.86,11.11,-10.83,38.03,15.67,0.031,15.6,15.74,14.42,0.031,14.36,14.49,92.4,0.248,91.7,92.8,14.8,14.92,13.22
2004,213,910,2.851,340.1,13.55,15.87,15.94,263.4,28.68,221.8,314,-0.079,0.033,-0.093,0,40.8,7.59,18.54,55.63,15.77,0.08,15.6,15.89,14.53,0.063,14.39,14.64,92.3,0.427,91.3,92.8,15.02,15.16,13.22
2004,213,920,2.92,347.7,14.09,16.04,16.23,273.4,24.11,250.3,318,-0.084,0.028,-0.093,0,39.96,10.92,19.17,63.8,16.06,0.096,15.88,16.19,14.61,0.083,14.44,14.7,91.4,0.323,90.9,92,15.2,15.34,13.21
2004,213,930,2.54,346.1,17.75,16.23,16.34,256.9,18.11,226.5,280.6,-0.074,0.037,-0.093,0,51.51,21.89,9.11,89.6,16.31,0.082,16.19,16.45,14.69,0.045,14.6,14.77,90.7,0.22,90.1,91.1,15.28,15.39,13.21
2004,213,940,2.313,338.8,25.17,16.38,16.41,208,11.91,180.2,225.8,-0.071,0.039,-0.093,0,27.31,9.06,11,45.57,16.43,0.032,16.36,16.48,14.72,0.02,14.68,14.76,90.3,0.157,89.9,90.5,15.26,15.34,13.21
2004,213,950,2.138,340,19.85,16.44,16.4,229.1,32.78,179,280.6,-0.063,0.043,-0.093,0,46.44,14.22,23.57,80.8,16.35,0.025,16.29,16.39,14.74,0.028,14.7,14.8,90.3,0.152,90,90.7,15.27,15.41,13.21
2004,213,1000,2.401,338.2,24.75,16.49,16.52,262,29.61,218.3,295.3,-0.068,0.041,-0.093,0,61.18,29.19,4.714,105.9,16.49,0.08,16.35,16.62,14.81,0.044,14.75,14.92,90.4,0.144,90.1,90.7,15.34,15.52,13.21
2004,213,1010,1.919,330.9,23.09,16.6,16.61,197,13.15,180.2,220.4,-0.07,0.04,-0.093,0,38.69,8.58,14.77,55,16.69,0.035,16.63,16.74,14.91,0.027,14.85,14.97,90.2,0.219,89.8,90.7,15.43,15.54,13.2
2004,213,1020,2.515,328.8,22.44,16.66,16.57,201.7,21.89,181.6,242.8,-0.059,0.045,-0.093,0,28.36,23.92,-11.95,77.6,16.64,0.06,16.53,16.75,14.89,0.024,14.83,14.93,90.1,0.171,89.6,90.5,15.39,15.51,13.2
2004,213,1030,1.867,350.4,20.36,16.67,16.65,242.1,33.66,210.3,317.5,-0.074,0.037,-0.093,0,63.67,24.17,33,119.1,16.62,0.061,16.54,16.79,14.95,0.047,14.87,15.03,90,0.273,89.4,90.4,15.55,15.66,13.2
2004,213,1040,2.199,352.4,21.22,16.81,17.15,417.9,38.1,322.7,485.6,-0.059,0.045,-0.093,0,136.7,33.75,75.7,211.2,17.26,0.281,16.8,17.75,14.98,0.091,14.85,15.14,89.5,0.386,88.6,90.1,15.83,16.1,13.2
2004,213,1050,2.787,358.1,16.15,17.17,17.62,405.2,26.36,363.5,440.4,-0.028,0.043,-0.093,0,77.8,31.05,18.86,128.2,18.06,0.18,17.78,18.34,15.16,0.068,15.04,15.3,87.9,0.526,86.7,89.1,16.17,16.38,13.19
2004,213,1100,2.428,343.7,17.97,17.53,17.8,305.3,37.46,256.9,373.2,-0.006,0.023,-0.093,0,42.15,29.21,-14.93,95.2,18.32,0.054,18.22,18.42,15.3,0.032,15.23,15.38,86.8,0.254,86.2,87.3,16.24,16.39,13.19
2004,213,1110,2.708,324.6,14.76,17.68,17.63,275,32.94,229,334.5,0,0,0,0,48.31,30.35,-1.12,110.9,17.99,0.143,17.72,18.23,15.33,0.036,15.25,15.4,87.3,0.338,86.5,87.9,15.94,16.11,13.18
2004,213,1120,2.854,346,18.71,17.66,17.5,259.6,20.57,236.7,313.4,-0.009,0.028,-0.093,0,33.29,24.38,-19.04,73.9,17.61,0.094,17.43,17.71,15.25,0.079,15.08,15.36,88.1,0.341,87.1,88.6,15.83,16.07,13.18
2004,213,1130,2.948,352.4,15.8,17.61,17.46,331.2,30.45,286.6,396.6,-0.011,0.03,-0.093,0,77.6,19.13,41.8,126.3,17.42,0.046,17.36,17.54,15.12,0.048,15.04,15.23,88.4,0.367,87.6,89.1,15.8,15.98,13.18
2004,213,1140,2.598,6.023,15.66,17.67,17.83,464.9,57.81,398.3,566.7,-0.02,0.038,-0.093,0,137.2,30.28,80.8,204,17.93,0.271,17.56,18.45,15.22,0.041,15.11,15.28,87.9,0.435,86.9,88.7,16.22,16.49,13.18
2004,213,1150,2.27,1.798,20.31,17.99,18.54,519.8,33.4,477,684.4,-0.003,0.017,-0.093,0,143.4,27.74,82.6,204.6,19.12,0.331,18.48,19.58,15.45,0.137,15.24,15.66,86.9,0.58,85.6,87.7,16.75,17.04,13.18
2004,213,1200,2.742,344.1,19.7,18.45,18.95,498.3,26.06,448.6,547.1,-0.002,0.012,-0.093,0,95.5,30.34,28.6,149.6,19.84,0.131,19.58,20.03,15.79,0.109,15.63,15.99,84.2,0.828,82.3,85.7,17.08,17.34,13.17
2004,213,1210,3.259,321.7,21.91,18.78,18.97,501.9,15.02,467.4,536.4,0,0,0,0,95.5,27.14,36.77,143.6,19.79,0.061,19.69,19.91,15.8,0.046,15.72,15.88,83.2,0.351,82.5,84.1,16.63,16.79,13.16
2004,213,1220,2.817,319.6,22.5,18.95,19.12,491.4,32.46,422.6,546.2,0,0,0,0,115.3,42.55,39.28,202.1,19.73,0.038,19.64,19.79,15.96,0.059,15.85,16.07,83.2,0.394,82.3,83.9,16.85,17.05,13.16
2004,213,1230,2.891,314.8,26.44,19.1,19.22,506.6,43.93,422.9,553.3,0,0,0,0,107,50.13,11,222.5,19.75,0.06,19.63,19.88,15.96,0.039,15.88,16.05,83.2,0.396,82.5,83.9,16.79,16.96,13.16
2004,213,1240,3.263,320.3,27.84,19.23,19.32,514.2,30.12,471.5,574.1,0,0,0,0,101.8,48.67,-30.98,176.6,19.78,0.041,19.68,19.83,15.98,0.06,15.88,16.08,83.5,0.438,82.5,84.3,16.94,17.13,13.15
2004,213,1250,3.408,324.9,30.2,19.33,19.26,458.5,28.17,405,518.4,0,0,0,0,66.72,32.51,-6.345,128.2,19.63,0.083,19.45,19.72,15.97,0.037,15.9,16.04,83.8,0.311,82.9,84.5,16.75,16.91,13.15
2004,213,1300,3.478,314,22.88,19.33,19.17,406,28.8,311.4,429.2,0,0,0,0,65.17,38.46,-25.01,141.1,19.29,0.107,19.07,19.46,15.88,0.071,15.71,15.98,84.4,0.378,83.7,85.3,16.62,16.83,13.15
2004,213,1310,3.83,327.6,21.34,19.27,19.02,401.9,28.36,310.5,428.4,0,0,0,0,75.1,41.1,-26.5,152.1,18.88,0.095,18.72,19.07,15.73,0.034,15.67,15.79,85.3,0.292,84.7,86.1,16.44,16.68,13.15
2004,213,1320,3.368,321.6,21.92,19.16,18.86,377.3,22.92,338,409.3,0,0,0,0,80.6,26.16,13.51,117.5,18.63,0.043,18.55,18.71,15.65,0.056,15.57,15.8,86,0.427,85.2,86.8,16.36,16.68,13.15
2004,213,1330,3.436,331.7,18.99,19.09,18.91,416.8,31.51,342.3,471.5,0,0,0,0,97.7,29.8,39.28,165.3,18.72,0.027,18.64,18.76,15.78,0.069,15.67,15.89,85.7,0.366,85.1,86.4,16.63,16.84,13.15
2004,213,1340,3.302,315.7,19.52,19.09,18.92,403.8,42.48,312,452.2,0,0,0,0,95.3,42.49,25.45,172.8,18.76,0.044,18.68,18.87,15.76,0.036,15.69,15.82,85.8,0.224,85.3,86.2,16.44,16.61,13.15
2004,213,1350,3.406,318.3,22.87,19.11,18.99,383.3,21.98,339.4,412.1,0,0,0,0,73.3,31.23,8.48,124.7,18.87,0.025,18.82,18.92,15.9,0.044,15.81,15.98,84.7,0.454,83.9,85.8,16.65,16.79,13.15
2004,213,1400,2.939,344.2,24.26,19.13,18.97,324,33.6,263.5,367.3,0,0,0,0,49.3,42.59,-22.02,133.2,18.9,0.049,18.82,18.99,15.98,0.067,15.88,16.11,84.4,0.518,83.4,85.4,16.71,16.99,13.15
2004,213,1410,3.216,323.4,17.54,19.12,18.9,351.4,25.54,301.9,388.6,0,0,0,0,87.1,30.08,2.828,148.3,18.79,0.036,18.73,18.89,15.95,0.059,15.85,16.04,84.1,0.403,83.3,85,16.62,16.8,13.15
2004,213,1420,2.848,332.6,24.42,19.1,18.92,332.8,16.12,304.3,358.1,0,0,0,0,79.9,45.71,-15.3,149.6,18.84,0.051,18.76,18.95,16.12,0.075,16.01,16.25,83.8,0.31,83.1,84.5,16.87,17.09,13.15
2004,213,1430,3.364,321.7,17.96,19.12,18.99,345.3,42.74,285.9,396.9,0,0,0,0,74.7,28.73,19.17,121.6,18.94,0.017,18.9,18.97,16.16,0.067,16.06,16.27,82.9,0.353,82.2,83.7,16.83,17.11,13.15
2004,213,1440,3.332,320.4,19.1,19.14,19,359,10.43,340.3,376.7,0,0,0,0,87.9,26.26,31.74,141.4,18.94,0.042,18.88,19.04,16.21,0.086,16.04,16.4,83.1,0.356,82.4,83.8,16.83,17.19,13.15
2004,213,1450,3.865,325.5,15.59,19.15,18.98,322.9,17.25,296,355.1,0,0,0,0,54.57,26.61,2.2,132.3,18.89,0.039,18.84,19.03,16.22,0.065,16.13,16.37,82.2,0.448,81.2,83,16.85,17.07,13.15
2004,213,1500,3.493,338.2,20.7,19.13,18.95,301.3,24.85,264.8,339.7,0,0,0,0,55.85,36.93,-32.1,121,18.84,0.038,18.78,18.92,16.32,0.032,16.27,16.39,81.1,0.388,80.2,82,16.96,17.14,13.15
2004,213,1510,3.989,330.6,20.23,19.11,18.88,325.4,19.32,303.2,368.9,0,0,0,0,67.94,31.37,5.97,143,18.69,0.035,18.64,18.76,16.23,0.028,16.17,16.29,80.6,0.422,79.7,81.5,16.83,16.95,13.15
2004,213,1520,3.422,329.6,21.74,19.08,18.95,419.1,116.7,293.3,857,0,0,0,0,141.2,77.9,49.33,380.8,18.88,0.202,18.68,19.32,16.43,0.091,16.25,16.6,80.5,0.494,79.2,81.3,17.18,17.57,13.15
2004,213,1530,3.511,345.8,20.04,19.16,19.16,377.1,49.08,311.4,505.2,0,0,0,0,55.68,51.49,-65.31,156.5,19.49,0.144,19.21,19.67,16.62,0.051,16.51,16.72,79.2,0.374,78.5,80.1,17.53,17.77,13.15
2004,213,1540,3.67,332.3,21.77,19.27,19.16,352.1,40.47,305.4,481.9,0,0,0,0,72.4,41.92,0.314,141.1,19.5,0.036,19.43,19.58,16.61,0.046,16.53,16.69,80.1,0.513,78.9,80.8,17.38,17.54,13.15
2004,213,1550,3.702,326.3,20.61,19.3,19.09,343.2,69.63,286.2,655.6,0,0,0,0,67.84,51.14,-6.345,258,19.37,0.031,19.32,19.43,16.52,0.042,16.44,16.58,81,0.436,79.8,81.8,17.22,17.34,13.15
2004,213,1600,3.588,329.2,19.5,19.28,19.12,415.2,145.7,229.6,699.3,0,0,0,0,100.3,83.6,-69.79,287.5,19.57,0.157,19.32,19.79,16.58,0.06,16.48,16.71,81,0.403,80,81.9,17.47,17.73,13.15
2004,213,1610,4.204,328.2,17.57,19.31,19.17,466.8,137.7,187.9,652.7,0,0,0,0,90,89.3,-92.9,230,19.96,0.113,19.75,20.12,16.59,0.029,16.54,16.65,80.8,0.287,80.1,81.4,17.4,17.6,13.14
2004,213,1620,4.181,323.6,19.1,19.32,19.19,452.2,94.1,242.1,572.4,0,0,0,0,88.1,61.18,-51.13,187.6,20.14,0.089,20.02,20.29,16.66,0.077,16.58,16.83,80.8,0.429,79.6,81.7,17.49,17.72,13.14
2004,213,1630,4.39,318.6,16.87,19.33,19.17,384.1,101.3,190.2,536.2,0,0,0,0,34.88,64.08,-119.8,200.2,20.09,0.079,19.99,20.26,16.62,0.072,16.5,16.79,81.1,0.605,79.5,82.1,17.29,17.61,13.14
2004,213,1640,4.577,323.4,14.83,19.3,19.1,398.5,60.51,201.7,452.5,0,0,0,0,50.72,33.26,-44.41,119.1,19.95,0.06,19.9,20.12,16.57,0.087,16.44,16.75,81.1,0.466,80.2,82.2,17.26,17.65,13.14
2004,213,1650,3.844,329.3,19.54,19.27,19.14,372.4,58.77,212.2,428.1,0,0,0,0,52.12,34.15,-20.53,134.8,20.03,0.04,19.92,20.1,16.73,0.049,16.58,16.81,80.8,0.411,80,82,17.58,17.75,13.14
2004,213,1700,3.918,327.2,16.47,19.28,19.18,360.4,50.57,203.7,424.2,0,0,0,0,44.43,36.54,-21.27,130.4,20.13,0.069,19.99,20.25,16.68,0.029,16.62,16.73,81,0.356,80.3,81.7,17.52,17.72,13.14
2004,213,1710,4.148,319.8,12.52,19.27,19.07,297.9,67.98,132.8,395.1,0,0,0,0,5.33,38.85,-114.6,71.3,20.05,0.052,19.95,20.14,16.58,0.038,16.48,16.65,81.5,0.367,80.9,82.3,17.29,17.46,13.14
2004,213,1720,3.488,319.5,23.53,19.21,19.01,289,58.43,132.3,347.4,0,0,0,0,18.67,37.58,-92.9,71.3,19.98,0.068,19.83,20.1,16.61,0.043,16.53,16.69,81.5,0.367,80.5,82.1,17.34,17.55,13.14
2004,213,1730,3.292,322.9,17.24,19.16,18.98,257.7,37.12,140.6,332.7,0,0,0,0,14.11,20.58,-39.19,53.1,19.96,0.029,19.93,20.05,16.71,0.034,16.62,16.76,81.3,0.27,80.8,81.8,17.54,17.65,13.14
2004,213,1740,3.271,310.3,23.55,19.1,18.85,226.8,39.15,117.1,262.5,0,0,0,0,-15.09,34.47,-89.9,42.42,19.91,0.077,19.77,20.02,16.67,0.039,16.61,16.75,81.3,0.358,80.5,81.9,17.42,17.59,13.14
2004,213,1750,2.67,328,22.64,19.01,18.77,175.6,45.89,97.7,236.3,0,0,0,0,-22.68,32.51,-92.2,37.39,19.78,0.087,19.6,19.89,16.72,0.029,16.64,16.76,81,0.291,80.4,81.7,17.52,17.63,13.1
2004,213,1800,2.983,322.7,20.21,18.91,18.59,115.6,21.67,98.6,195.6,0,0,0,0,-42.24,20.45,-89.9,4.085,19.24,0.284,18.74,19.7,16.64,0.065,16.54,16.77,80.9,0.279,80.2,81.5,17.16,17.55,13.14
2004,213,1810,3.27,314,16.33,18.74,18.35,92.4,18.62,70.9,144.1,0,0,0,0,-23.87,16.45,-47.4,11,18.3,0.256,17.89,18.72,16.4,0.045,16.33,16.51,81.9,0.468,80.8,82.6,16.72,16.88,13.05
2004,213,1820,2.946,311.2,19.09,18.51,18.08,64.75,7.08,55.38,81.7,0,0,0,0,-7.29,8.99,-25.75,11,17.57,0.176,17.3,17.87,16.29,0.048,16.19,16.35,82.9,0.364,82.5,83.7,16.59,16.7,12.96
2004,213,1830,3.091,308,20.76,18.28,17.85,48.1,5.045,42.37,60.17,0,0,0,0,-7.77,5.141,-16.8,3.457,17.12,0.107,16.94,17.3,16.2,0.038,16.11,16.26,83.7,0.226,83.3,84.4,16.45,16.52,12.88
2004,213,1840,2.993,322.6,18.99,18.05,17.6,41.24,4.077,34.36,48.02,0,0,0,0,-12.59,5.549,-23.51,0.314,16.82,0.075,16.71,16.96,16.14,0.032,16.08,16.2,84.3,0.148,84,84.5,16.37,16.46,12.81
2004,213,1850,3.672,319.5,13.29,17.83,17.37,31.56,4.147,25.49,37.71,0,0,0,0,-21.72,5.521,-31.73,-11.57,16.59,0.068,16.47,16.72,16.03,0.03,15.99,16.11,84.7,0.225,84.2,85.2,16.23,16.36,12.76
2004,213,1900,3.752,326.8,23.49,17.59,17.1,24.08,2.246,21.48,28.45,-0.006,0.023,-0.093,0,-27.77,4.539,-36.95,-18.29,16.39,0.039,16.33,16.47,15.94,0.02,15.88,15.98,84.8,0.256,84.3,85.3,16.12,16.17,12.73
2004,213,1910,3.257,321.9,20.13,17.35,16.85,15.3,3.172,10.71,22.53,-0.012,0.032,-0.093,0,-29.9,4.978,-40.69,-16.05,16.23,0.06,16.12,16.34,15.9,0.028,15.79,15.94,85,0.234,84.5,85.4,16.07,16.14,12.71
2004,213,1920,3.162,313.1,17.94,17.1,16.58,7.74,1.59,4.862,10.51,-0.019,0.037,-0.093,0,-31.99,4.962,-42.18,-22.4,16.01,0.065,15.91,16.12,15.83,0.02,15.79,15.87,85.3,0.16,84.9,85.6,15.97,16,12.7
2004,213,1930,3.286,312.7,18.15,16.86,16.38,2.762,0.899,1.708,4.796,-0.045,0.046,-0.093,0,-23.24,6.296,-35.46,-12.32,15.82,0.042,15.76,15.91,15.76,0.038,15.69,15.83,85.3,0.129,85.1,85.6,15.88,15.96,12.69
2004,213,1940,2.889,314.9,16.14,16.66,16.23,0.878,0.447,0.263,1.643,-0.04,0.046,-0.093,0,-25.99,4.027,-36.95,-18.29,15.73,0.027,15.68,15.77,15.73,0.011,15.71,15.76,85.6,0.124,85.3,85.8,15.84,15.9,12.68
2004,213,1950,3.234,314.2,17.14,16.48,16.07,0.06,0.077,0,0.263,-0.062,0.047,-0.093,0.093,-24.36,3.735,-30.61,-13.07,15.64,0.02,15.61,15.68,15.72,0.021,15.68,15.76,86.1,0.168,85.7,86.3,15.81,15.88,12.67
2004,213,2000,3.061,312.5,13.24,16.31,15.93,-0.004,0.016,-0.066,0,-0.065,0.043,-0.093,0,-23.77,5.113,-31.73,-11.95,15.58,0.019,15.54,15.62,15.67,0.015,15.64,15.7,86.7,0.245,86.3,87.3,15.76,15.81,12.67
2004,213,2010,3.244,320.9,14.26,16.18,15.89,0.087,0.05,0,0.131,-0.074,0.037,-0.093,0,-8.43,3.717,-14.56,0.943,15.56,0.012,15.54,15.58,15.67,0.01,15.65,15.69,87.4,0.225,86.9,87.8,15.77,15.8,12.66
2004,213,2020,3.707,319.3,16.92,16.13,15.92,0.137,0.028,0.066,0.197,-0.073,0.038,-0.093,0,-12.95,3.155,-18.67,-6.346,15.61,0.016,15.57,15.63,15.64,0.021,15.58,15.69,87.9,0.159,87.6,88.2,15.75,15.78,12.65
2004,213,2030,3.038,316.9,16.65,16.1,15.9,0.126,0.028,0.066,0.197,-0.073,0.042,-0.093,0.093,-14.2,2.852,-19.79,-7.84,15.64,0.006,15.63,15.65,15.63,0.014,15.6,15.67,88.3,0.098,88.1,88.5,15.74,15.77,12.65
2004,213,2040,3.42,316.5,11.53,16.06,15.84,0.018,0.071,-0.131,0.131,-0.073,0.042,-0.093,0.093,-20.92,4.18,-29.86,-11.57,15.61,0.016,15.57,15.64,15.58,0.017,15.55,15.63,88.7,0.17,88.3,89,15.68,15.73,12.64
2004,213,2050,3.288,323.5,17.69,15.98,15.71,-0.141,0.034,-0.197,-0.066,-0.065,0.052,-0.093,0.093,-25.98,4.926,-33.97,-13.07,15.54,0.024,15.49,15.57,15.53,0.035,15.47,15.59,88.9,0.111,88.7,89.1,15.62,15.68,12.64
2004,213,2100,2.96,300.3,16.72,15.87,15.62,-0.162,0.037,-0.263,-0.131,-0.068,0.041,-0.093,0,-20.2,4.288,-30.24,-12.32,15.44,0.02,15.41,15.49,15.46,0.017,15.43,15.5,89,0.085,88.8,89.2,15.56,15.6,12.64
2004,213,2110,3.011,295.1,15.58,15.76,15.49,-0.238,0.034,-0.329,-0.197,-0.062,0.047,-0.093,0.093,-22.83,3.9,-31.73,-13.81,15.37,0.021,15.34,15.41,15.42,0.016,15.39,15.45,89.1,0.078,88.9,89.3,15.52,15.57,12.63
2004,213,2120,3.022,299.6,15.98,15.63,15.34,-0.33,0.049,-0.46,-0.197,-0.059,0.048,-0.093,0.093,-25.63,3.112,-30.98,-18.29,15.28,0.031,15.23,15.34,15.37,0.022,15.33,15.42,89.2,0.106,89,89.4,15.45,15.5,12.63
2004,213,2130,3.112,313.9,16.91,15.5,15.19,-0.462,0.017,-0.526,-0.394,-0.04,0.046,-0.093,0,-22.47,3.573,-29.49,-12.32,15.18,0.027,15.14,15.23,15.3,0.016,15.27,15.35,89.4,0.079,89.3,89.6,15.38,15.42,12.63
2004,213,2140,3.493,328.2,19.49,15.38,15.11,-0.561,0.049,-0.657,-0.46,-0.032,0.047,-0.093,0.093,-22.6,3.888,-29.49,-13.07,15.12,0.015,15.09,15.15,15.27,0.016,15.24,15.31,89.7,0.108,89.4,89.9,15.35,15.38,12.62
2004,213,2150,3.168,333.3,13.88,15.28,15.02,-0.759,0.053,-0.854,-0.657,-0.037,0.045,-0.093,0,-25.84,4.072,-35.47,-19.04,15.07,0.015,15.04,15.1,15.22,0.024,15.17,15.27,89.9,0.068,89.8,90,15.29,15.34,12.62
2004,213,2200,3.379,335.7,15.93,15.18,14.94,-0.828,0.038,-0.854,-0.723,-0.02,0.038,-0.093,0,-21.95,4.405,-30.99,-12.32,15.02,0.011,14.99,15.04,15.19,0.011,15.16,15.22,89.9,0.058,89.8,90,15.27,15.28,12.62
2004,213,2210,2.979,333,15.41,15.11,14.88,-0.934,0.059,-0.986,-0.789,-0.022,0.039,-0.093,0,-22.18,5.912,-36.21,-11.57,14.99,0.01,14.97,15.01,15.18,0.011,15.16,15.2,89.9,0.058,89.8,90.1,15.26,15.28,12.61
2004,213,2220,3.232,332.6,16.62,15.04,14.85,-1,0.038,-1.117,-0.92,-0.017,0.036,-0.093,0,-14.65,5.549,-26.51,-2.24,14.98,0.007,14.96,15,15.19,0.011,15.18,15.22,90.1,0.135,89.8,90.5,15.26,15.29,12.61
2004,213,2230,2.735,336.3,15.79,15.02,14.89,-1.057,0.037,-1.117,-0.986,-0.011,0.03,-0.093,0,-9.75,1.807,-14.56,-5.6,15.02,0.014,15,15.05,15.2,0.013,15.17,15.24,90.5,0.122,90.2,90.7,15.28,15.3,12.61
2004,213,2240,3.096,334.7,15.14,15.04,14.96,-0.996,0.041,-1.051,-0.92,-0.011,0.03,-0.093,0,-10.4,1.512,-13.81,-6.347,15.07,0.018,15.03,15.1,15.19,0.01,15.16,15.21,90.7,0.081,90.5,90.8,15.28,15.3,12.6
2004,213,2250,3.252,346.4,14.09,15.08,15.02,-1.073,0.083,-1.249,-0.92,-0.014,0.033,-0.093,0,-18.25,4.284,-29.49,-11.2,15.12,0.008,15.11,15.14,15.21,0.011,15.18,15.24,90.9,0.071,90.8,91.1,15.31,15.34,12.6
2004,213,2300,2.763,350,16.31,15.09,14.99,-1.397,0.09,-1.511,-1.249,-0.006,0.023,-0.093,0,-13.53,9.46,-29.49,-0.373,15.09,0.016,15.06,15.11,15.19,0.016,15.16,15.23,91.1,0.092,90.9,91.3,15.28,15.31,12.6
2004,213,2310,2.505,348.9,13.72,15.08,15.02,-1.401,0.049,-1.511,-1.314,-0.023,0.04,-0.093,0,-8.6,2.689,-12.69,-2.613,15.09,0.017,15.06,15.13,15.18,0.008,15.16,15.2,91.3,0.052,91.1,91.4,15.29,15.31,12.6
2004,213,2320,2.861,345.2,12.5,15.1,15.05,-1.341,0.034,-1.38,-1.249,-0.009,0.028,-0.093,0,-8.42,1.602,-12.32,-4.853,15.13,0.015,15.11,15.16,15.17,0.013,15.14,15.2,91.3,0.065,91.2,91.4,15.3,15.33,12.6
2004,213,2330,2.543,349.5,11.78,15.13,15.09,-1.341,0.042,-1.446,-1.249,-0.005,0.02,-0.093,0,-7.65,1.737,-10.83,-4.107,15.18,0.011,15.16,15.2,15.19,0.018,15.16,15.24,91.4,0.077,91.3,91.5,15.32,15.36,12.59
2004,213,2340,2.405,2.766,11.93,15.16,15.12,-1.394,0.043,-1.446,-1.314,-0.002,0.012,-0.093,0,-5.327,2.254,-8.59,0.314,15.21,0.01,15.19,15.23,15.22,0.014,15.18,15.26,91.5,0.117,91.3,91.8,15.35,15.41,12.59
2004,213,2350,1.778,4.109,13.18,15.19,15.16,-1.469,0.031,-1.511,-1.446,-0.002,0.012,-0.093,0,-5.446,2.689,-10.08,0.314,15.23,0.006,15.23,15.25,15.26,0.023,15.22,15.29,91.7,0.087,91.5,91.9,15.38,15.42,12.59
2004,214,0,1.776,359.2,13.25,15.22,15.18,-1.483,0.037,-1.511,-1.38,-0.009,0.028,-0.093,0,-5.096,1.746,-8.59,-1.867,15.23,0.008,15.21,15.24,15.21,0.021,15.16,15.25,91.8,0.103,91.5,91.9,15.35,15.39,12.58
2004,214,10,2.025,359.9,12.68,15.24,15.21,-1.384,0.043,-1.446,-1.249,-0.014,0.033,-0.093,0,-6.944,1.856,-10.83,-2.24,15.23,0.007,15.22,15.24,15.18,0.029,15.13,15.24,91.7,0.108,91.4,91.9,15.32,15.37,12.58
2004,214,20,1.941,358.8,15.3,15.25,15.21,-1.24,0.035,-1.38,-1.183,-0.009,0.028,-0.093,0,-6.06,1.638,-10.08,-3.36,15.22,0.006,15.2,15.23,15.15,0.019,15.1,15.19,91.7,0.092,91.5,91.9,15.31,15.33,12.58
2004,214,30,1.886,342.2,13.83,15.26,15.21,-1.254,0.018,-1.314,-1.248,-0.023,0.04,-0.093,0,-7.21,1.933,-11.57,-3.36,15.2,0.011,15.17,15.22,15.17,0.019,15.12,15.2,91.7,0.065,91.5,91.8,15.31,15.34,12.58
2004,214,40,2.275,340.3,12.33,15.26,15.19,-1.313,0.044,-1.38,-1.249,-0.022,0.039,-0.093,0,-9,2.198,-13.81,-4.853,15.16,0.012,15.14,15.19,15.12,0.013,15.1,15.16,91.7,0.067,91.5,91.8,15.26,15.3,12.58
2004,214,50,2.048,336.6,14.97,15.25,15.18,-1.342,0.038,-1.38,-1.249,-0.022,0.039,-0.093,0,-5.507,1.385,-8.96,-1.867,15.14,0.005,15.13,15.15,15.12,0.012,15.1,15.15,91.7,0.047,91.6,91.8,15.27,15.29,12.57
2004,214,100,2.216,336.5,15.65,15.25,15.19,-1.287,0.047,-1.38,-1.249,-0.025,0.041,-0.093,0,-3.572,1.246,-5.6,-0.373,15.15,0.008,15.13,15.17,15.14,0.013,15.11,15.17,91.7,0.065,91.6,91.9,15.28,15.32,12.57
2004,214,110,2.182,335.7,14.49,15.25,15.2,-1.244,0.026,-1.314,-1.183,-0.023,0.04,-0.093,0,-7.36,1.363,-10.83,-4.853,15.16,0.006,15.15,15.17,15.13,0.012,15.1,15.16,91.6,0.064,91.4,91.8,15.27,15.29,12.57
2004,214,120,3.054,343,24.31,15.25,15.18,-1.013,0.181,-1.249,-0.723,-0.009,0.028,-0.093,0,-13.66,5.626,-28,-7.09,15.12,0.046,15.03,15.16,14.96,0.144,14.72,15.12,90.9,0.465,90.1,91.5,15.1,15.25,12.57
2004,214,130,3.427,15.56,23.3,15.23,15.13,-0.95,0.089,-1.117,-0.789,-0.003,0.017,-0.093,0,-1.26,4.919,-9.33,8.49,15.01,0.014,14.98,15.03,14.87,0.11,14.72,15.05,91,0.251,90.7,91.6,15.06,15.23,12.56
2004,214,140,2.991,52.48,8.69,15.21,15.14,-1.12,0.057,-1.183,-0.986,-0.002,0.012,-0.093,0,0.141,1.81,-4.107,4.086,15.05,0.024,15,15.09,15.08,0.041,14.99,15.14,91.2,0.108,90.9,91.4,15.23,15.27,12.56
2004,214,150,2.232,31.7,10.9,15.22,15.17,-1.135,0.045,-1.183,-1.051,-0.003,0.017,-0.093,0,-2.947,1.595,-5.6,0.943,15.11,0.013,15.09,15.13,15.13,0.019,15.08,15.16,91.2,0.102,91,91.4,15.3,15.33,12.56
2004,214,200,1.365,356.2,22.54,15.23,15.17,-1.15,0.035,-1.183,-1.051,-0.005,0.02,-0.093,0,-5.774,1.235,-8.21,-2.613,15.12,0.005,15.11,15.13,15.1,0.015,15.07,15.15,91.2,0.074,91,91.4,15.27,15.33,12.55
2004,214,210,1.249,323.6,14.28,15.23,15.17,-0.885,0.27,-1.183,-0.329,-0.012,0.032,-0.093,0,-9.2,2.175,-15.31,-5.6,15.12,0.011,15.1,15.15,15.01,0.058,14.9,15.1,90.9,0.286,90.2,91.2,15.19,15.26,12.55
2004,214,220,2.263,352.1,12.71,15.23,15.21,-0.101,0.071,-0.329,0,-0.008,0.026,-0.093,0,-3.195,2.339,-7.84,0.943,15.19,0.026,15.14,15.23,15.05,0.07,14.93,15.15,89.8,0.449,89,90.5,15.28,15.34,12.55
2004,214,230,2.172,341.6,12.84,15.25,15.24,-0.163,0.046,-0.263,-0.066,-0.009,0.028,-0.093,0,-4.02,1.021,-6.347,-1.12,15.24,0.01,15.22,15.26,15.16,0.015,15.13,15.2,88.8,0.199,88.4,89.1,15.34,15.36,12.54
2004,214,240,2.098,335.3,10.96,15.28,15.25,-0.24,0.038,-0.329,-0.197,-0.022,0.039,-0.093,0,-4.331,1.489,-7.09,-1.12,15.27,0.005,15.25,15.27,15.21,0.022,15.16,15.25,88.3,0.128,88,88.5,15.36,15.38,12.54
2004,214,250,2.252,344.3,13.05,15.3,15.26,-0.314,0.066,-0.394,-0.197,-0.014,0.033,-0.093,0,-2.61,1.366,-4.853,0.629,15.26,0.006,15.24,15.27,15.24,0.017,15.21,15.28,88.2,0.073,88,88.3,15.37,15.4,12.54
2004,214,300,2.401,332.7,14.57,15.31,15.26,-0.378,0.062,-0.46,-0.263,-0.015,0.035,-0.093,0,-4.175,1.601,-7.84,-1.867,15.24,0.007,15.22,15.25,15.23,0.029,15.18,15.27,88.2,0.125,87.9,88.4,15.34,15.38,12.53
2004,214,310,2.839,334.5,13.29,15.32,15.27,-0.405,0.073,-0.526,-0.263,-0.017,0.036,-0.093,0,-2.409,1.515,-4.48,0.943,15.21,0.009,15.2,15.23,15.22,0.024,15.18,15.26,88.3,0.156,88,88.5,15.33,15.37,12.53
2004,214,320,2.372,357.9,14.93,15.32,15.27,-0.51,0.037,-0.591,-0.46,-0.011,0.03,-0.093,0,-2.261,1.984,-6.347,1.572,15.21,0.007,15.2,15.22,15.25,0.02,15.2,15.29,88.6,0.108,88.5,88.9,15.36,15.4,12.53
2004,214,330,2.623,10.17,15.2,15.32,15.26,-0.495,0.049,-0.591,-0.394,-0.005,0.02,-0.093,0,-1.433,2.226,-5.6,3.457,15.21,0.012,15.2,15.24,15.24,0.03,15.19,15.33,88.9,0.154,88.5,89.2,15.37,15.44,12.52
2004,214,340,2.415,352.6,12.78,15.32,15.27,-0.421,0.053,-0.526,-0.329,-0.011,0.03,-0.093,0,-4.772,2.03,-9.33,-1.12,15.21,0.008,15.2,15.24,15.21,0.043,15.16,15.32,88.7,0.093,88.4,88.9,15.32,15.42,12.52
2004,214,350,2.109,348.9,14.18,15.32,15.26,-0.526,0.051,-0.657,-0.46,-0.014,0.033,-0.093,0,-3.416,1.557,-7.09,-0.373,15.2,0.007,15.19,15.21,15.21,0.013,15.19,15.24,88.7,0.108,88.5,89,15.32,15.35,12.51
2004,214,400,2.142,335,13.37,15.31,15.25,-0.503,0.048,-0.591,-0.46,-0.026,0.042,-0.093,0,-5.444,1.667,-9.33,-1.867,15.18,0.005,15.17,15.2,15.19,0.014,15.16,15.24,88.7,0.103,88.5,88.9,15.3,15.33,12.51
2004,214,410,2.256,339.3,11.67,15.31,15.24,-0.486,0.038,-0.591,-0.46,-0.022,0.039,-0.093,0,-3.852,1.028,-5.973,-1.867,15.17,0.006,15.15,15.18,15.18,0.011,15.15,15.21,88.7,0.064,88.6,88.8,15.3,15.32,12.51
2004,214,420,2.116,337.9,15.62,15.3,15.24,-0.5,0.047,-0.591,-0.46,-0.036,0.045,-0.093,0,-4.76,1.012,-7.09,-2.613,15.16,0.004,15.15,15.17,15.17,0.011,15.16,15.21,88.8,0.066,88.6,88.9,15.29,15.31,12.5
2004,214,430,2.155,340.5,11.44,15.3,15.23,-0.185,0.16,-0.591,0,-0.04,0.049,-0.093,0.093,-6.571,2.574,-10.08,-0.373,15.16,0.01,15.14,15.18,15.11,0.039,15.03,15.19,88.2,0.277,87.6,88.8,15.24,15.3,12.5
2004,214,440,2.008,335.1,11.26,15.29,15.23,-0.187,0.049,-0.329,-0.066,-0.028,0.043,-0.093,0,-5.612,1.353,-8.59,-2.613,15.18,0.005,15.17,15.18,15.15,0.026,15.09,15.2,87.5,0.153,87.2,87.8,15.28,15.31,12.49
2004,214,450,2.091,352.2,14.73,15.29,15.23,-0.082,0.179,-0.263,0.394,-0.02,0.038,-0.093,0,-2.284,2.152,-6.347,2.2,15.19,0.008,15.18,15.21,15.25,0.035,15.18,15.33,87.3,0.103,87.1,87.6,15.36,15.42,12.49
2004,214,500,1.896,351.3,15.43,15.29,15.24,1.692,0.922,0.394,3.22,-0.032,0.044,-0.093,0,-3.049,1.929,-6.347,0.943,15.22,0.005,15.21,15.22,15.32,0.02,15.28,15.36,87.6,0.097,87.4,87.8,15.41,15.44,12.48
2004,214,510,1.771,345.8,13.1,15.29,15.23,5.174,1.935,3.22,9,-0.022,0.039,-0.093,0,-4.586,1.014,-7.09,-2.613,15.21,0.007,15.2,15.23,15.29,0.012,15.26,15.31,87.8,0.079,87.6,87.9,15.38,15.4,12.48
2004,214,520,2.093,339.3,13.39,15.29,15.23,12.95,2.167,9.13,17.22,-0.015,0.035,-0.093,0,-2.789,1.726,-6.347,0.314,15.21,0.003,15.2,15.22,15.29,0.018,15.25,15.32,88.1,0.124,87.8,88.3,15.38,15.41,12.48
2004,214,530,2.144,344.4,12.47,15.29,15.23,20.72,1.914,17.48,23.72,-0.029,0.043,-0.093,0,-1.968,1.294,-4.107,0.943,15.22,0.007,15.21,15.23,15.28,0.011,15.25,15.31,88.5,0.111,88.3,88.6,15.37,15.4,12.47
2004,214,540,1.736,333.8,15.24,15.3,15.25,27.27,1.98,23.72,29.9,-0.026,0.042,-0.093,0,1.076,1.458,-1.867,4.086,15.25,0.013,15.22,15.28,15.3,0.012,15.27,15.33,88.7,0.105,88.6,89,15.4,15.44,12.47
2004,214,550,1.929,338.9,17.08,15.32,15.28,32.11,1.769,28.98,35.16,-0.045,0.049,-0.093,0.093,1.896,1.232,0.314,4.715,15.31,0.017,15.28,15.34,15.32,0.011,15.3,15.35,89,0.076,88.9,89.2,15.44,15.46,12.48
2004,214,600,1.876,330.2,15.36,15.34,15.31,37.71,1.328,35.29,40.15,-0.051,0.046,-0.093,0,4.809,1.287,1.572,6.915,15.37,0.02,15.33,15.4,15.32,0.013,15.3,15.35,89.3,0.109,89.1,89.4,15.45,15.48,12.49
2004,214,610,1.817,344.8,15.31,15.38,15.36,44.25,2.25,40.28,47.64,-0.029,0.046,-0.093,0.093,6.506,1.9,0.629,9.74,15.45,0.028,15.4,15.5,15.35,0.01,15.32,15.36,89.5,0.062,89.3,89.6,15.5,15.53,12.51
2004,214,620,1.825,346.6,18.29,15.43,15.43,55.5,5.027,47.77,64.99,-0.039,0.046,-0.093,0,9.77,3.987,0.943,17.92,15.56,0.034,15.5,15.62,15.33,0.014,15.31,15.36,89.4,0.118,89,89.5,15.52,15.57,12.56
2004,214,630,1.974,344.4,17.59,15.5,15.51,70.2,1.708,65.25,72.3,-0.062,0.047,-0.093,0.093,16.49,4.032,3.457,22.63,15.69,0.045,15.63,15.76,15.37,0.024,15.34,15.43,89.3,0.14,89,89.5,15.59,15.66,12.64
2004,214,640,2.285,2.101,14.2,15.58,15.61,82.2,7.49,69.45,91.3,-0.042,0.046,-0.093,0,17.27,6.967,0.943,26.09,15.81,0.04,15.75,15.88,15.35,0.034,15.26,15.41,89.3,0.2,88.8,89.7,15.59,15.67,12.75
2004,214,650,2.265,0.668,15.83,15.67,15.72,95,3.372,88.5,100.3,-0.056,0.045,-0.093,0,20.86,4.126,12.89,29.86,15.94,0.039,15.88,16.01,15.37,0.02,15.33,15.42,89.4,0.128,89.1,89.6,15.64,15.7,12.88
2004,214,700,2.089,357.2,14.59,15.77,15.83,97.9,0.966,96.3,99.4,-0.053,0.046,-0.093,0,21.38,4.116,11.31,32.37,16.07,0.043,16.01,16.14,15.4,0.018,15.36,15.45,89.3,0.107,89.1,89.6,15.71,15.77,12.96
2004,214,710,2.24,3.716,13.91,15.87,15.95,125.5,16.6,99.2,150.5,-0.054,0.049,-0.093,0.093,31.74,11.1,12.26,52.49,16.2,0.043,16.14,16.28,15.4,0.02,15.36,15.45,89.4,0.178,89.1,89.8,15.73,15.79,13.13
2004,214,720,2.192,359.7,14.24,16,16.12,131.8,5.123,125.3,144.8,-0.07,0.04,-0.093,0,30.72,7.53,21.06,49.34,16.4,0.056,16.28,16.48,15.41,0.02,15.36,15.44,89.3,0.141,89,89.6,15.8,15.86,13.15
2004,214,730,2.615,6.78,12.98,16.13,16.21,137.8,4.714,128.5,145.5,-0.08,0.032,-0.093,0,25.77,6.815,14.14,41.17,16.49,0.015,16.47,16.54,15.37,0.027,15.31,15.43,89.1,0.193,88.6,89.4,15.76,15.82,13.2
2004,214,740,2.356,8.39,13.15,16.24,16.3,142.4,5.583,135.5,150.3,-0.068,0.044,-0.093,0.093,29.67,7.21,13.51,43.69,16.58,0.032,16.53,16.64,15.38,0.03,15.33,15.46,89.1,0.217,88.7,89.6,15.79,15.85,13.2
2004,214,750,2.285,11.36,8.69,16.35,16.44,185.1,19.98,148.6,221.9,-0.074,0.037,-0.093,0,48.95,12.19,24.2,72.6,16.72,0.079,16.63,16.88,15.35,0.025,15.3,15.41,89.1,0.147,88.8,89.4,15.82,15.94,13.21
2004,214,800,1.901,18.64,8.12,16.52,16.75,207.6,8.19,195.2,221.2,-0.071,0.043,-0.093,0.093,59.89,12.69,35.2,81.4,17.17,0.154,16.88,17.41,15.42,0.028,15.38,15.47,89,0.258,88.5,89.5,16.04,16.13,13.2
2004,214,810,1.763,26.37,9.24,16.75,17.03,227.9,16.84,205.7,253.4,-0.057,0.045,-0.093,0,69.49,12.29,34.26,94,17.66,0.157,17.4,17.93,15.46,0.041,15.38,15.55,88.8,0.225,88.3,89.2,16.26,16.52,13.19
2004,214,820,1.895,30.64,6.065,17.02,17.37,270.5,21.26,230.1,310.7,-0.054,0.046,-0.093,0,84,14.23,60.66,116.9,18.2,0.165,17.93,18.48,15.54,0.017,15.51,15.58,88.7,0.162,88.3,89,16.6,16.74,13.19
2004,214,830,2.362,33.82,5.209,17.34,17.7,289.6,9.26,275.1,308.3,-0.028,0.043,-0.093,0,58.42,23.68,21.06,92.7,18.66,0.065,18.49,18.72,15.55,0.03,15.49,15.6,88.5,0.176,88.2,88.9,16.77,16.85,13.19
2004,214,840,3.238,31.83,4.092,17.63,17.84,393.2,55.03,294.7,537.1,-0.014,0.033,-0.093,0,100.5,45.57,30.48,198.3,18.74,0.048,18.68,18.88,15.53,0.047,15.42,15.6,89,0.221,88.7,89.5,16.66,16.79,13.18
2004,214,850,2.607,30.19,8.61,17.91,18.16,337.6,45.46,268,457.8,-0.005,0.02,-0.093,0,64.84,52.52,0.314,169.4,19,0.108,18.89,19.18,15.57,0.055,15.46,15.64,89.1,0.38,88.3,89.7,16.82,16.98,13.18
2004,214,900,1.764,16.72,22.58,18.21,18.5,430.5,119.8,273.1,926,-0.002,0.012,-0.093,0,158.6,106.3,-8.59,456.6,19.46,0.253,19.14,19.92,15.72,0.057,15.65,15.88,88.5,0.651,87.2,89.4,17.17,17.43,13.17
2004,214,910,2.435,36.82,8.2,18.63,19.03,503.2,142.4,305.9,957,0,0,0,0,85,84.3,-24.26,315.8,20.32,0.157,19.94,20.48,15.89,0.045,15.78,15.95,87.3,0.207,86.9,87.6,17.61,17.81,13.16
2004,214,920,3.338,37.81,4.821,19.05,19.13,403.7,42.26,356.5,511.6,0,0,0,0,14.98,50.04,-68.3,130.4,20.21,0.163,19.95,20.43,15.76,0.07,15.66,15.9,87.7,0.359,87,88.6,17.32,17.74,13.16
2004,214,930,3.403,29.75,5.129,19.17,19.09,485.6,110.3,373.1,789,0,0,0,0,134.6,86.6,23.88,310.8,19.81,0.064,19.72,19.94,15.64,0.056,15.54,15.74,88.2,0.31,87.4,88.8,17.13,17.42,13.15
2004,214,940,3.035,30.28,5.479,19.3,19.29,435.8,43.63,373.5,556.3,0,0,0,0,71.7,42.81,-4.106,146.7,20.1,0.081,19.91,20.2,15.68,0.052,15.58,15.8,87.9,0.38,87,88.6,17.26,17.45,13.15
2004,214,950,3.44,29.17,6.732,19.44,19.36,550.5,150.9,371.4,1091,0,0,0,0,137.2,104.2,0.314,435.2,20.16,0.04,20.11,20.26,15.64,0.02,15.59,15.69,87.8,0.293,87.3,88.5,17.23,17.31,13.15
2004,214,1000,3.282,28.73,5.066,19.56,19.36,542.2,149.3,372.3,1056,0,0,0,0,129.8,106.7,-28.74,367.3,20.25,0.056,20.2,20.41,15.69,0.047,15.59,15.77,87.5,0.265,86.9,88,17.32,17.63,13.14
2004,214,1010,3.127,35.03,4.616,19.75,19.65,672.2,178.5,471.1,1058,0,0,0,0,151.7,149.6,-25.75,419.8,20.81,0.176,20.42,21,15.76,0.029,15.7,15.82,87.1,0.311,86.4,87.7,17.74,17.88,13.14
2004,214,1020,3.201,32.9,4.761,20.03,19.91,815,214,415.7,1126,0,0,0,0,253.2,154.8,-175.8,405,21.27,0.249,20.96,21.73,15.83,0.065,15.69,15.92,87,0.488,86.1,87.9,17.9,18.19,13.14
2004,214,1030,3.364,32.68,5.776,20.32,19.99,646.2,216.9,385.5,992,0,0,0,0,73.7,188.6,-176.9,383.6,21.57,0.05,21.49,21.69,15.83,0.06,15.75,15.97,86.7,0.255,86,87.3,17.82,18.11,13.13
2004,214,1040,3.34,34.62,5.696,20.47,20.18,715,260.1,292.3,1079,0,0,0,0,128.1,153.5,-242.2,346.2,21.73,0.079,21.54,21.87,16.03,0.043,15.93,16.12,85.8,0.58,84.7,87.2,18.22,18.35,13.13
2004,214,1050,3.413,29.83,5.499,20.62,20.31,563.8,186.3,393.1,1115,0,0,0,0,71.4,98.6,-144.8,325.8,21.7,0.064,21.6,21.8,16.07,0.048,15.99,16.18,85.4,0.343,84.8,86.1,18.07,18.21,13.13
2004,214,1100,3.639,32.85,7.04,20.65,20.42,614.6,100.8,467.1,982,0,0,0,0,115.3,63.86,-4.851,265.5,21.46,0.071,21.36,21.64,16.17,0.052,16.08,16.25,85.5,0.343,84.7,86.4,18.11,18.35,13.12
2004,214,1110,3.501,353,14.62,20.69,20.37,604.5,178.8,373.4,1112,0,0,0,0,105.3,118.7,-85.1,343.1,21.32,0.077,21.17,21.42,16.33,0.111,16.1,16.5,83.4,0.835,82.2,85.2,17.76,17.92,13.12
2004,214,1120,3.143,5.73,15.61,20.7,20.3,562.5,216.5,283.1,1156,0,0,0,0,115.5,130.4,-117.9,407.2,21.1,0.071,21.01,21.24,16.5,0.067,16.41,16.6,82.7,0.418,81.9,83.9,17.69,17.91,13.12
2004,214,1130,3.826,17.41,13.92,20.69,20.29,766,227.1,339.9,1206,0,0,0,0,204.8,166.8,-131,464.4,21.34,0.147,21.05,21.52,16.41,0.063,16.3,16.51,83.9,0.464,82.9,84.9,17.93,18.18,13.12
2004,214,1140,3.568,1.207,14.3,20.68,20.19,570.3,236.9,313.2,1196,0,0,0,0,65.87,157.8,-156.4,433.6,21.29,0.112,21.08,21.5,16.43,0.086,16.31,16.58,83.4,0.384,82.7,84.4,17.66,17.92,13.12
2004,214,1150,3.819,359.4,14.39,20.57,20,580.1,311.7,239.7,1206,-0.002,0.012,-0.093,0,111.5,205.9,-160.8,447.7,20.84,0.136,20.65,21.08,16.4,0.062,16.26,16.51,83.7,0.569,82.4,84.8,17.46,17.82,13.12
2004,214,1200,3.766,3.898,18.32,20.42,19.84,721,311,213.1,1053,-0.003,0.017,-0.093,0,166.9,182.8,-157.9,467.5,20.79,0.075,20.67,20.92,16.49,0.073,16.34,16.59,83,0.545,81.8,84,17.78,17.95,13.12
2004,214,1210,4.236,11.9,11.93,20.25,19.67,795,295.9,219,1071,0,0,0,0,186.4,185.4,-260.9,427,20.92,0.048,20.85,21.02,16.37,0.053,16.25,16.46,83,0.601,81.9,84.1,17.59,17.84,13.13
2004,214,1220,4.1,23.12,5.383,20.06,19.58,693.4,331.2,158,1037,0,0,0,0,141.6,193.4,-336.6,356.9,21.17,0.092,20.95,21.29,16.42,0.08,16.32,16.6,82.1,0.47,81.1,82.9,18.15,18.45,13.13
2004,214,1230,3.793,13.01,9.97,19.89,19.46,721,283.2,179.4,1101,0,0,0,0,166.8,166,-156.4,425.7,21.1,0.061,20.99,21.23,16.58,0.056,16.49,16.67,81.9,0.59,80.5,83,17.87,18.39,13.13
2004,214,1240,3.612,8.49,17.17,19.76,19.41,736,246.8,223.7,982,0,0,0,0,157.4,139.6,-137.7,360.1,21.36,0.104,21.15,21.49,16.72,0.107,16.57,16.94,81.1,0.833,79.3,82.5,18.14,18.38,13.13
2004,214,1250,3.946,349.3,14.39,19.71,19.45,836,172.5,266.9,982,0,0,0,0,226.6,102.6,-142.9,383,21.56,0.047,21.47,21.64,17.06,0.067,16.87,17.16,79.1,0.967,77.7,81.4,18.4,18.59,13.13
2004,214,1300,3.854,3.531,17.13,19.72,19.48,819,187.7,148.7,969,0,0,0,0,181.6,124.4,-225.8,383.3,21.7,0.047,21.59,21.76,16.97,0.077,16.87,17.16,79,0.67,77.9,80.8,18.37,18.69,13.13
2004,214,1310,3.796,349.3,20.78,19.76,19.51,817,178.4,183.7,953,0,0,0,0,197.6,115,-160.9,411.9,21.74,0.049,21.66,21.83,16.92,0.051,16.85,17.06,78.7,0.608,77.5,80.5,18.18,18.6,13.13
2004,214,1320,3.796,353.2,16.85,19.8,19.53,775,188.1,177.4,939,0,0,0,0,161.3,126.7,-209.4,363.9,21.74,0.042,21.62,21.81,16.98,0.052,16.87,17.07,78.5,0.572,77.1,79.9,18.38,18.6,13.13
2004,214,1330,4.061,346.5,21.67,19.85,19.51,769,266.4,144.8,984,0,0,0,0,176.4,191.8,-272.8,447.7,21.52,0.149,21.33,21.75,16.9,0.101,16.7,17.03,79.6,0.575,78.5,80.8,18.13,18.4,13.13
2004,214,1340,4.469,345.1,17.81,19.87,19.49,688,276.3,155,971,0,0,0,0,117.2,153.9,-271.3,370.5,21.17,0.102,20.98,21.35,16.8,0.085,16.69,16.93,80.6,0.409,79.7,81.7,17.98,18.2,13.13
2004,214,1350,3.437,341.9,20.89,19.89,19.64,762,217.1,204.4,952,0,0,0,0,232.5,161.3,-237.7,417,21.31,0.155,21.08,21.59,17.03,0.083,16.88,17.14,80.4,0.877,78.6,81.7,18.44,18.8,13.13
2004,214,1400,3.481,327.2,23.03,19.97,19.75,751,179.7,213,941,0,0,0,0,211.1,89.2,-149.7,329.6,21.59,0.083,21.34,21.73,16.98,0.043,16.91,17.06,80.1,0.43,79.3,81.1,18.15,18.34,13.13
2004,214,1410,4.097,333.3,19.5,20,19.78,747,91.5,389.2,853,0,0,0,0,172.8,72.2,-98.9,273.4,21.65,0.053,21.56,21.77,17.05,0.049,16.96,17.16,79.7,0.569,78.4,81,18.12,18.38,13.13
2004,214,1420,4.385,320.8,21.61,20.02,19.78,422.6,269.5,100.3,937,0,0,0,0,114.9,146.3,-241.5,331.5,21.45,0.143,21.16,21.58,16.91,0.054,16.82,17,80.6,0.641,79.2,81.7,17.9,18.2,13.12
2004,214,1430,4.244,320.6,17.05,20.03,19.8,607.4,277,191.6,1086,0,0,0,0,134.4,154.2,-192.2,404.4,20.95,0.121,20.78,21.22,16.75,0.079,16.59,16.92,81.3,0.714,80.1,83.1,17.68,18.07,13.13
2004,214,1440,4.146,344,17.56,20.08,19.92,483.5,218.8,261.6,980,0,0,0,0,59.86,159.3,-154.9,435.8,20.76,0.094,20.57,20.9,16.83,0.065,16.62,16.94,81.7,0.564,80.3,83.1,17.95,18.22,13.12
2004,214,1450,4.608,332.5,22.68,20.13,19.85,623.6,227.3,282.7,1045,0,0,0,0,155.1,132.8,-104.9,350.3,20.57,0.065,20.45,20.67,16.81,0.098,16.65,17,81.2,0.741,79.6,82.8,17.81,18.14,13.13
2004,214,1500,4.126,344.9,18.27,20.14,19.85,510.8,238.1,222.7,874,0,0,0,0,88.6,135.9,-142.9,313.9,20.65,0.061,20.51,20.75,16.81,0.049,16.72,16.9,80.8,0.755,79.6,82.4,17.97,18.15,13.12
2004,214,1510,4.416,348.1,18.83,20.13,19.83,561.1,249.7,232.3,948,0,0,0,0,95.3,124.7,-149.7,349.4,20.63,0.05,20.54,20.73,16.81,0.047,16.69,16.89,81.5,0.632,80,82.5,17.97,18.15,13.12
2004,214,1520,3.999,334.9,25.38,20.14,19.81,396,180.9,193.7,826,0,0,0,0,47,132.1,-168.3,298.2,20.39,0.099,20.14,20.61,16.71,0.051,16.6,16.82,81.2,0.734,79.8,82.5,17.73,17.94,13.12
2004,214,1530,3.952,336,23.51,20.11,19.9,588.9,181.7,192.7,850,0,0,0,0,172.4,109.3,-55.61,379.2,20.32,0.209,20.06,20.69,16.79,0.098,16.63,16.98,81.5,0.749,79.3,82.6,17.89,18.44,13.13
2004,214,1540,3.997,318.4,15.67,20.19,20.07,457,127.2,239.9,688.5,0,0,0,0,61.41,97.8,-118.3,238.2,20.68,0.095,20.48,20.85,16.79,0.129,16.57,16.96,80.3,1.032,78.9,82.4,17.7,18.22,13.12
2004,214,1550,3.802,325.8,18.84,20.21,20.05,519.8,125,352.1,860,0,0,0,0,126.6,70.9,-25,314.5,20.63,0.079,20.5,20.8,16.78,0.055,16.66,16.9,81.5,0.301,80.8,82.4,17.83,18.07,13.12
2004,214,1600,3.23,316.2,23.15,20.28,20.27,417,107.9,320,833,0,0,0,0,63.45,67.5,-56.35,208,20.87,0.04,20.76,20.94,16.94,0.028,16.88,17,80.2,0.631,78.2,81.5,18,18.3,13.12
2004,214,1610,3.551,308.6,22.59,20.32,20.11,386.1,87.6,309.6,820,0,0,0,0,56.98,44.02,-36.95,142,20.62,0.093,20.49,20.78,16.87,0.041,16.78,16.94,78.8,0.477,78,80,17.76,17.95,13.12
2004,214,1620,3.246,334.5,25.34,20.3,20.1,351,60.41,297.9,567,0,0,0,0,56.99,46.43,-43.66,143,20.47,0.041,20.39,20.54,16.98,0.102,16.78,17.11,77.7,0.619,76.4,79.3,18.06,18.34,13.12
2004,214,1630,3.62,335,20.72,20.29,20.04,334.3,56.67,271.9,617.8,0,0,0,0,39.65,47.16,-69.04,152.1,20.34,0.086,20.16,20.47,16.94,0.093,16.78,17.11,78,0.433,77.3,79.1,17.91,18.27,13.12
2004,214,1640,3.23,335.1,20.85,20.23,19.89,315.5,76.9,262.5,608.7,0,0,0,0,57.44,59.68,-27.24,191.3,20.03,0.075,19.92,20.17,16.82,0.055,16.75,16.96,79.5,0.475,78.5,80.4,17.81,18.14,13.13
2004,214,1650,3.601,327.6,15.95,20.15,19.86,296.6,107,217.4,592.6,0,0,0,0,32.36,62.76,-78.7,210.8,19.94,0.069,19.8,20.09,16.85,0.079,16.75,17.03,79.8,0.632,78.1,81.2,17.77,18.25,13.13
2004,214,1700,3.924,315.1,25.43,20.04,19.57,171.4,31.32,136.8,317.5,0,0,0,0,-32.48,23.64,-79.5,27.65,19.34,0.276,18.83,19.78,16.55,0.147,16.38,16.85,81,0.59,79.6,82.1,17.17,17.62,13.13
2004,214,1710,3.981,310.3,14.07,19.76,19.16,123.9,10.28,106.1,145.4,0,0,0,0,-7.56,14.33,-50.01,13.51,18.35,0.265,17.96,18.81,16.29,0.097,16.15,16.45,83,0.489,82.1,83.7,16.72,16.97,13.13
2004,214,1720,3.639,331.8,21.64,19.41,18.79,95.8,11.23,74,119,0,0,0,0,-0.864,10.78,-23.51,14.77,17.67,0.158,17.41,17.94,16.17,0.063,16.06,16.29,83.3,0.481,82.5,84.2,16.66,16.87,13.13
2004,214,1730,3.213,337.5,18.84,19.1,18.52,78.2,4.285,70.4,86.5,0,0,0,0,1.802,6.719,-16.05,12.88,17.32,0.073,17.18,17.42,16.14,0.04,16.06,16.23,83.8,0.336,83.1,84.5,16.68,16.82,13.13
2004,214,1740,3.162,332.8,20.54,18.83,18.28,72.8,4.329,67.73,79.4,0,0,0,0,5.27,8.88,-13.06,21.68,17.09,0.08,16.96,17.19,16.05,0.068,15.93,16.16,84.2,0.439,83.5,85.1,16.49,16.65,13.09
2004,214,1750,3.39,339.6,16.57,18.59,18.06,58.78,5.488,50.25,69.11,0,0,0,0,0.373,11.32,-18.29,24.51,16.91,0.065,16.78,17.01,16.04,0.069,15.85,16.11,85,0.292,84.5,85.7,16.49,16.66,12.99
2004,214,1800,3.463,352.3,14.93,18.36,17.81,35.72,4.281,29.56,48.88,-0.002,0.012,-0.093,0,-10.81,5.485,-23.51,-0.373,16.7,0.049,16.6,16.78,15.88,0.027,15.83,15.94,85.4,0.317,84.6,86.1,16.31,16.4,12.86
2004,214,1810,3.079,326.2,17.08,18.12,17.6,36.23,3.926,25.75,41.12,0,0,0,0,-1.446,5.271,-14.56,9.11,16.48,0.063,16.4,16.61,15.8,0.029,15.74,15.86,85.5,0.363,84.9,86.3,16.18,16.28,12.81
2004,214,1820,3.335,352.9,14.23,17.9,17.42,22.82,2.477,19.45,26.15,-0.003,0.017,-0.093,0,-13.37,5.345,-25.01,-1.866,16.36,0.042,16.27,16.42,15.76,0.05,15.64,15.84,85.6,0.332,84.9,86.3,16.15,16.23,12.74
2004,214,1830,2.701,339.7,15.32,17.7,17.23,16.84,1.096,15.24,19.38,-0.003,0.017,-0.093,0,-9.7,4.572,-19.78,-1.12,16.2,0.043,16.13,16.27,15.69,0.032,15.62,15.76,86.1,0.348,85.4,86.8,16.09,16.17,12.71
2004,214,1840,3.018,330.2,19.87,17.52,17.09,14.51,1.357,12.81,17.41,-0.008,0.026,-0.093,0,-9.98,4.227,-17.54,-0.373,16.09,0.041,16.03,16.17,15.67,0.068,15.57,15.8,86.2,0.229,85.8,86.8,16.01,16.19,12.7
2004,214,1850,3.064,333.4,18.17,17.34,16.93,13.23,0.729,11.83,14.13,-0.014,0.037,-0.093,0.093,-8.66,4.821,-16.8,0.943,15.98,0.025,15.95,16.03,15.59,0.034,15.52,15.67,86.4,0.302,85.9,87,15.94,16.05,12.68
2004,214,1900,2.706,338.7,15,17.19,16.81,9.02,1.478,6.767,11.76,-0.037,0.045,-0.093,0,-8.84,3.846,-15.3,0.943,15.94,0.019,15.9,15.97,15.57,0.025,15.53,15.63,85.9,0.344,85.3,86.6,15.94,16.02,12.67
2004,214,1910,2.305,343.6,19.38,17.05,16.71,4.491,1.217,2.759,6.636,-0.048,0.046,-0.093,0,-7.8,4.64,-15.3,2.828,15.91,0.018,15.86,15.95,15.62,0.055,15.56,15.73,85.8,0.358,85.1,86.6,15.97,16.11,12.67
2004,214,1920,2.271,326.2,16.45,16.94,16.62,1.683,0.388,1.38,2.694,-0.032,0.044,-0.093,0,-7.38,3.738,-13.81,1.571,15.86,0.009,15.85,15.88,15.57,0.042,15.52,15.64,85.8,0.276,85.3,86.3,15.89,15.99,12.66
2004,214,1930,2.924,321.7,17.17,16.83,16.54,0.906,0.291,0.394,1.314,-0.043,0.046,-0.093,0,-7.73,3.213,-15.3,-1.12,15.85,0.009,15.82,15.87,15.6,0.024,15.55,15.64,85.4,0.216,85,85.9,15.89,15.97,12.65
2004,214,1940,2.907,320.7,15.06,16.74,16.47,0.002,0.168,-0.197,0.394,-0.059,0.045,-0.093,0,-5.447,3.067,-10.83,4.086,15.82,0.007,15.8,15.83,15.64,0.038,15.57,15.7,85.6,0.232,85.2,86.3,15.91,15.99,12.65
2004,214,1950,2.98,329.9,20.8,16.66,16.42,-0.014,0.076,-0.197,0.131,-0.062,0.044,-0.093,0,-6.205,3.707,-12.32,5.343,15.87,0.026,15.82,15.91,15.7,0.031,15.64,15.76,85.3,0.345,84.6,86,15.98,16.07,12.64
2004,214,2000,2.765,339,18.93,16.6,16.38,0.004,0.04,-0.066,0.131,-0.074,0.037,-0.093,0,-8.01,3.089,-13.07,-0.373,15.9,0.009,15.88,15.91,15.71,0.018,15.68,15.75,84.8,0.205,84.5,85.4,15.97,16.02,12.64
2004,214,2010,2.516,338.4,20.17,16.54,16.34,-0.053,0.063,-0.131,0.066,-0.063,0.046,-0.093,0.093,-7.07,3.446,-15.31,-1.12,15.91,0.008,15.89,15.93,15.75,0.025,15.7,15.8,84.9,0.253,84.3,85.5,16.01,16.08,12.64
2004,214,2020,2.548,342.5,18.94,16.49,16.31,0,0.04,-0.131,0.066,-0.054,0.049,-0.093,0.093,-6.424,3.606,-12.32,2.829,15.9,0.01,15.88,15.93,15.73,0.038,15.65,15.81,84.8,0.259,84.3,85.4,15.99,16.07,12.63
2004,214,2030,2.571,346.3,13.14,16.45,16.28,-0.031,0.083,-0.263,0.131,-0.054,0.049,-0.093,0.093,-5.791,4.01,-13.07,2.829,15.91,0.015,15.89,15.94,15.77,0.048,15.7,15.88,84.7,0.27,84.3,85.3,16.04,16.16,12.63
2004,214,2040,2.832,341,29.46,16.41,16.19,-0.382,0.239,-0.854,-0.066,-0.054,0.046,-0.093,0,-16.46,7.03,-28.74,-3.36,15.9,0.012,15.88,15.93,15.79,0.043,15.71,15.88,85.3,0.326,84.7,86,16.03,16.15,12.62
2004,214,2050,2.744,344.1,16.51,16.33,16.13,0.09,0.079,-0.066,0.197,-0.057,0.045,-0.093,0,-8.52,5.703,-18.29,8.49,15.87,0.019,15.84,15.9,15.75,0.042,15.67,15.82,85.4,0.402,84.7,86.5,15.96,16.08,12.62
2004,214,2100,2.64,347.4,14,16.29,16.12,-0.065,0.117,-0.329,0.131,-0.06,0.047,-0.093,0.093,-8.75,4.287,-18.29,0.314,15.82,0.024,15.77,15.86,15.7,0.047,15.59,15.77,85.6,0.222,85.2,86.1,15.93,16.01,12.62
2004,214,2110,2.63,349.3,20.24,16.24,16.07,-0.44,0.209,-0.854,-0.131,-0.043,0.046,-0.093,0,-6.297,4.266,-13.81,2.829,15.76,0.015,15.72,15.78,15.68,0.052,15.61,15.79,86.4,0.416,85.6,87.3,15.93,16.03,12.62
2004,214,2120,3.119,358.6,13.66,16.19,16,-0.196,0.145,-0.526,0.066,-0.048,0.046,-0.093,0,-10.38,5.139,-22.77,-1.12,15.71,0.018,15.67,15.75,15.55,0.051,15.47,15.71,86.2,0.252,85.7,86.8,15.77,15.92,12.61
2004,214,2130,3.362,359.7,10.99,16.13,15.96,-0.181,0.108,-0.394,0.066,-0.048,0.046,-0.093,0,-4.721,4.79,-13.81,7.86,15.65,0.013,15.62,15.67,15.5,0.044,15.43,15.57,86.7,0.43,85.8,87.4,15.74,15.82,12.61
2004,214,2140,4.515,10.75,8.42,16.08,15.91,-0.135,0.121,-0.394,0.066,-0.037,0.045,-0.093,0,-9.88,6.246,-21.28,2.829,15.58,0.04,15.5,15.64,15.4,0.095,15.24,15.55,86.9,0.46,85.9,87.8,15.66,15.8,12.61
2004,214,2150,4.359,6.378,7.58,16.03,15.85,0.11,0.175,-0.263,0.46,-0.042,0.052,-0.093,0.093,-5.148,6.115,-16.8,8.49,15.5,0.014,15.46,15.52,15.31,0.035,15.24,15.37,87,0.563,85.8,87.9,15.58,15.68,12.61
2004,214,2200,4.831,7.54,11.23,15.97,15.81,0.324,0.098,0.066,0.526,-0.026,0.048,-0.093,0.093,-5.314,6.144,-19.04,7.23,15.46,0.02,15.43,15.5,15.3,0.04,15.21,15.38,85.9,0.514,84.7,86.9,15.57,15.65,12.6
2004,214,2210,4.906,6.568,13.84,15.92,15.77,0.313,0.097,0.066,0.46,-0.032,0.044,-0.093,0,-3.761,6.588,-19.79,11.63,15.43,0.012,15.4,15.45,15.29,0.038,15.23,15.37,85.3,0.52,84.3,86.4,15.54,15.66,12.6
2004,214,2220,3.812,358.9,10.62,15.88,15.72,0.24,0.077,0.066,0.394,-0.048,0.046,-0.093,0,-4.923,5.729,-15.31,5.971,15.38,0.015,15.35,15.42,15.28,0.031,15.22,15.35,85,0.426,84.5,85.9,15.5,15.62,12.6
2004,214,2230,2.719,356.2,13.83,15.84,15.69,0.142,0.077,-0.066,0.329,-0.046,0.046,-0.093,0,-3.318,4.812,-12.32,8.49,15.37,0.012,15.35,15.39,15.31,0.041,15.23,15.39,85.3,0.322,84.6,86.2,15.53,15.6,12.59
2004,214,2240,2.63,349.4,16.43,15.8,15.65,0.126,0.048,0.066,0.197,-0.045,0.046,-0.093,0,-7.38,3.007,-14.56,-1.867,15.34,0.021,15.3,15.38,15.22,0.06,15.1,15.35,85.2,0.202,84.7,85.5,15.43,15.53,12.59
2004,214,2250,2.145,336.1,21.72,15.75,15.6,0.126,0.058,0,0.197,-0.054,0.049,-0.093,0.093,-5.632,3.078,-11.95,1.571,15.28,0.011,15.26,15.31,15.15,0.035,15.09,15.21,85.2,0.216,84.7,85.7,15.4,15.48,12.59
2004,214,2300,2.367,336.1,18.63,15.71,15.57,0.099,0.05,0,0.197,-0.063,0.043,-0.093,0,-5.295,2.92,-12.32,1.571,15.26,0.012,15.24,15.28,15.19,0.028,15.13,15.23,85.5,0.235,85,85.9,15.42,15.46,12.58
2004,214,2310,2.124,348.3,17.66,15.68,15.53,0.012,0.061,-0.131,0.066,-0.029,0.043,-0.093,0,-6.511,4.791,-14.19,4.086,15.24,0.015,15.2,15.27,15.15,0.054,15.05,15.25,85.7,0.292,85.2,86.4,15.38,15.52,12.58
2004,214,2320,2.375,339,13.11,15.64,15.5,-0.03,0.054,-0.131,0.066,-0.046,0.046,-0.093,0,-6.399,2.77,-12.32,0.943,15.2,0.017,15.17,15.23,15.09,0.041,15.03,15.17,85.8,0.201,85.3,86.1,15.31,15.4,12.58
2004,214,2330,3.607,357.4,12.57,15.6,15.46,-0.154,0.068,-0.263,0,-0.02,0.038,-0.093,0,-5.227,5.969,-16.8,5.343,15.17,0.02,15.13,15.21,15.09,0.052,14.98,15.19,86.5,0.327,86,87.3,15.3,15.44,12.58
2004,214,2340,3.048,349.3,9.18,15.56,15.41,-0.149,0.066,-0.263,0.066,-0.037,0.045,-0.093,0,-7.2,4.917,-18.29,2.514,15.1,0.027,15.05,15.14,14.97,0.041,14.89,15.03,86.7,0.322,85.8,87.4,15.17,15.26,12.57
2004,214,2350,2.911,339.4,17.18,15.51,15.34,-0.438,0.079,-0.591,-0.197,-0.034,0.045,-0.093,0,-8.1,4.048,-15.68,1.572,14.99,0.039,14.92,15.05,14.86,0.055,14.74,14.93,87.2,0.226,86.7,87.7,15.08,15.17,12.57
2004,215,0,2.519,354.8,11.7,15.44,15.27,-0.698,0.41,-2.431,-0.329,-0.028,0.046,-0.093,0.093,-4.108,3.975,-14.56,4.086,14.9,0.02,14.87,14.94,14.83,0.026,14.75,14.87,87.7,0.276,87.4,88.5,15.06,15.14,12.57
2004,215,10,2.562,349.2,11.9,15.36,15.05,-5.095,0.65,-5.585,-2.694,-0.034,0.048,-0.093,0.093,-20.78,7.18,-33.23,-6.347,14.73,0.051,14.67,14.87,14.75,0.033,14.7,14.86,88.7,0.46,87.9,89.5,14.92,15,12.56
2004,215,20,2.261,345.7,11.54,15.21,14.9,-5.237,0.096,-5.388,-5.06,-0.043,0.046,-0.093,0,-8.57,4.889,-16.05,1.572,14.63,0.021,14.6,14.68,14.72,0.022,14.67,14.77,89.4,0.254,89,89.9,14.91,14.98,12.56
2004,215,30,2.385,350.6,14.65,15.1,14.86,-5.27,0.135,-5.52,-4.928,-0.028,0.043,-0.093,0,-6.876,5.319,-16.8,2.829,14.57,0.011,14.55,14.59,14.68,0.038,14.63,14.77,89.6,0.306,89.1,90.2,14.87,14.98,12.56
2004,215,40,2.241,355.6,12.73,15.03,14.84,-4.615,0.16,-4.994,-4.403,-0.02,0.042,-0.093,0.093,-6.692,4.943,-19.79,5.343,14.55,0.014,14.52,14.57,14.59,0.037,14.54,14.69,89.5,0.262,88.9,90.1,14.79,14.88,12.55
2004,215,50,2.426,359.5,11.91,14.98,14.77,-4.901,0.217,-5.257,-4.534,-0.003,0.017,-0.093,0,-9.24,6.61,-24.64,2.2,14.49,0.022,14.44,14.54,14.57,0.056,14.45,14.66,89.6,0.358,88.5,90.2,14.77,14.9,12.55
2004,215,100,2.403,349.3,16.32,14.9,14.64,-5.642,0.211,-5.848,-5.125,-0.009,0.028,-0.093,0,-12,3.357,-20.53,-5.227,14.4,0.034,14.34,14.44,14.5,0.026,14.45,14.56,90,0.229,89.3,90.3,14.68,14.75,12.55
2004,215,110,1.959,345.9,14.32,14.81,14.56,-5.792,0.081,-5.914,-5.651,-0.008,0.026,-0.093,0,-8.54,3.173,-17.55,-1.867,14.33,0.012,14.3,14.35,14.49,0.019,14.44,14.52,90.4,0.143,90.1,90.8,14.66,14.73,12.54
2004,215,120,2.413,354,12.42,14.75,14.5,-5.816,0.066,-5.914,-5.651,-0.008,0.026,-0.093,0,-8.02,4.841,-16.43,1.257,14.37,0.011,14.34,14.4,14.47,0.025,14.42,14.52,90,0.303,89.3,90.8,14.68,14.74,12.54
2004,215,130,1.915,345,15.38,14.69,14.45,-5.693,0.099,-5.848,-5.52,-0.002,0.012,-0.093,0,-8.77,3.635,-16.8,-3.36,14.34,0.018,14.31,14.38,14.45,0.047,14.36,14.52,89.7,0.24,89.3,90.1,14.64,14.72,12.53
2004,215,140,1.639,325,14.54,14.63,14.42,-5.382,0.125,-5.52,-5.06,-0.002,0.012,-0.093,0,-7.7,3.642,-12.69,2.2,14.28,0.017,14.26,14.31,14.33,0.039,14.25,14.39,89.4,0.27,89,90,14.55,14.66,12.53
2004,215,150,1.649,321.2,19.72,14.59,14.44,-4.846,0.113,-5.126,-4.731,-0.003,0.017,-0.093,0,-6.098,3.887,-12.32,2.2,14.29,0.013,14.27,14.32,14.36,0.045,14.28,14.44,89.1,0.288,88.6,89.6,14.58,14.66,12.53
2004,215,200,1.647,322.1,16.43,14.57,14.46,-4.648,0.087,-4.863,-4.469,-0.003,0.017,-0.093,0,-5.511,3.076,-10.83,1.886,14.31,0.012,14.28,14.35,14.35,0.021,14.31,14.43,89,0.197,88.7,89.5,14.58,14.7,12.52
2004,215,210,1.323,297.6,18.11,14.56,14.48,-4.586,0.082,-4.731,-4.469,0,0,0,0,-5.405,3.158,-10.83,2.2,14.35,0.015,14.32,14.37,14.42,0.027,14.37,14.48,89,0.249,88.6,89.6,14.63,14.72,12.52
2004,215,220,1.729,298.5,25.18,14.56,14.48,-4.7,0.082,-4.863,-4.469,-0.002,0.012,-0.093,0,-6.179,2.144,-10.83,-1.12,14.34,0.011,14.32,14.37,14.4,0.018,14.36,14.44,89.1,0.184,88.6,89.4,14.61,14.67,12.52
2004,215,230,1.825,319.6,19.81,14.56,14.48,-4.54,0.066,-4.666,-4.469,-0.002,0.012,-0.093,0,-4.15,2.023,-7.84,0.943,14.32,0.007,14.3,14.33,14.41,0.024,14.37,14.46,89.5,0.162,89.1,89.8,14.62,14.68,12.51
2004,215,240,1.784,319.8,13.19,14.56,14.48,-4.478,0.052,-4.6,-4.337,-0.003,0.017,-0.093,0,-5.39,3.105,-9.33,2.829,14.3,0.016,14.27,14.33,14.4,0.031,14.35,14.47,89.8,0.279,89.3,90.4,14.59,14.69,12.51
2004,215,250,2.122,317.3,12.8,14.54,14.45,-4.482,0.073,-4.6,-4.337,0,0,0,0,-6.428,2.371,-10.83,-1.493,14.24,0.026,14.19,14.3,14.34,0.046,14.27,14.45,90.1,0.222,89.7,90.5,14.53,14.62,12.5
2004,215,300,1.938,326.8,15.89,14.53,14.43,-4.267,0.064,-4.403,-4.206,0,0,0,0,-4.533,2.268,-9.33,0.943,14.19,0.009,14.16,14.2,14.31,0.013,14.28,14.33,90.4,0.136,90.1,90.7,14.5,14.54,12.5
2004,215,310,1.562,319.9,19.44,14.51,14.4,-4.454,0.034,-4.469,-4.337,-0.003,0.017,-0.093,0,-6.303,1.979,-10.83,-1.12,14.15,0.009,14.13,14.17,14.3,0.018,14.26,14.32,90.7,0.132,90.4,90.9,14.47,14.53,12.5
2004,215,320,1.66,302.3,18.38,14.48,14.39,-4.213,0.102,-4.469,-4.074,0,0,0,0,-4.354,2.371,-8.59,0.943,14.14,0.009,14.13,14.16,14.27,0.018,14.23,14.31,90.9,0.159,90.5,91.2,14.49,14.55,12.49
2004,215,330,1.619,315.8,15.99,14.46,14.38,-4.046,0.075,-4.206,-3.943,-0.003,0.017,-0.093,0,-4.931,2.797,-10.08,0.943,14.14,0.013,14.12,14.17,14.26,0.029,14.2,14.33,90.9,0.207,90.5,91.3,14.48,14.55,12.49
2004,215,340,1.536,300.4,15.08,14.45,14.36,-4.003,0.167,-4.206,-3.68,0,0,0,0,-7.35,2.928,-10.83,1.886,14.12,0.009,14.1,14.15,14.22,0.046,14.14,14.31,90.8,0.198,90.6,91.3,14.41,14.54,12.48
2004,215,350,1.019,318.1,20.96,14.43,14.34,-3.632,0.079,-3.811,-3.483,-0.006,0.023,-0.093,0,-5.025,2.83,-10.08,0.629,14.14,0.017,14.1,14.17,14.22,0.049,14.14,14.32,90.8,0.205,90.5,91.1,14.44,14.55,12.48
2004,215,400,0.934,291.3,21.24,14.42,14.34,-3.411,0.074,-3.549,-3.286,-0.002,0.012,-0.093,0,-6.584,2.46,-10.83,-1.12,14.17,0.014,14.15,14.2,14.23,0.036,14.18,14.31,90.7,0.204,90.3,91,14.45,14.52,12.47
2004,215,410,1.025,252.7,14.52,14.41,14.34,-3.108,0.113,-3.286,-2.891,-0.003,0.017,-0.093,0,-5.14,2.021,-8.59,-0.373,14.19,0.012,14.17,14.22,14.22,0.026,14.18,14.28,90.6,0.144,90.3,91,14.46,14.51,12.47
2004,215,420,1.241,257.8,16.57,14.41,14.35,-2.928,0.057,-3.023,-2.826,0,0,0,0,-5.762,1.573,-8.59,-1.12,14.21,0.014,14.19,14.25,14.21,0.021,14.17,14.26,90.6,0.09,90.4,90.8,14.47,14.5,12.47
2004,215,430,0.84,264.6,12.7,14.41,14.35,-3.074,0.121,-3.351,-2.891,0,0,0,0,-7.88,1.651,-10.83,-3.36,14.23,0.008,14.22,14.25,14.21,0.02,14.18,14.26,90.4,0.099,90.3,90.7,14.5,14.54,12.46
2004,215,440,0.556,279.8,29.68,14.41,14.35,-3.271,0.098,-3.417,-3.023,0,0,0,0,-7.09,2.278,-10.08,-2.614,14.24,0.014,14.21,14.27,14.27,0.045,14.19,14.37,90.5,0.193,90.2,90.8,14.55,14.61,12.46
2004,215,450,0.102,277.5,11.45,14.41,14.35,-2.913,0.114,-3.089,-2.629,-0.003,0.017,-0.093,0,-8.36,1.034,-10.08,-6.347,14.27,0.017,14.23,14.29,14.22,0.014,14.19,14.26,90.4,0.039,90.3,90.5,14.49,14.51,12.45
2004,215,500,0.689,282.6,26.41,14.4,14.36,-1.485,0.821,-2.629,-0.131,0,0,0,0,-6.795,0.947,-8.21,-4.48,14.3,0.009,14.29,14.31,14.24,0.015,14.21,14.28,90.3,0.115,90.1,90.5,14.5,14.53,12.45
2004,215,510,0.835,322.1,13.15,14.41,14.37,2.353,1.222,0,4.009,-0.002,0.012,-0.093,0,-6.528,2.474,-10.08,-1.12,14.31,0.011,14.3,14.34,14.3,0.051,14.22,14.38,90.3,0.164,90,90.6,14.53,14.61,12.45
2004,215,520,0.2,349.8,13.57,14.42,14.37,7.16,1.956,4.14,10.65,-0.002,0.012,-0.093,0,-8.37,1.072,-11.2,-6.72,14.31,0.008,14.29,14.33,14.28,0.015,14.25,14.31,90.1,0.084,89.9,90.3,14.51,14.53,12.44
2004,215,530,0.35,8.56,14.21,14.41,14.36,15.13,2.298,10.78,18.53,-0.002,0.012,-0.093,0,-6.353,1.104,-8.59,-3.36,14.33,0.008,14.3,14.35,14.27,0.016,14.24,14.31,90.2,0.069,90,90.3,14.52,14.55,12.44
2004,215,540,0.396,15.12,19.98,14.41,14.36,22.51,2.385,18.66,26.68,-0.002,0.012,-0.093,0,-5.078,0.943,-7.09,-3.36,14.36,0.012,14.34,14.39,14.29,0.019,14.25,14.32,90.2,0.037,90.1,90.3,14.53,14.56,12.44
2004,215,550,0.009,49.42,0.084,14.42,14.37,29.52,1.207,26.94,31.08,0,0,0,0,-4.039,0.956,-5.6,-2.614,14.41,0.016,14.38,14.43,14.26,0.021,14.22,14.31,90.1,0.025,90,90.1,14.51,14.55,12.44
2004,215,600,0.091,22.18,4.061,14.42,14.38,31.79,0.492,31.02,32.46,-0.002,0.012,-0.093,0,-2.651,1.111,-4.48,-0.747,14.48,0.029,14.43,14.52,14.28,0.033,14.22,14.32,90.1,0.069,90,90.3,14.58,14.63,12.44
2004,215,610,0.043,225.4,0.77,14.45,14.42,34.6,1.085,32.66,36.21,-0.006,0.023,-0.093,0,0.03,0.872,-2.614,1.572,14.58,0.024,14.52,14.61,14.35,0.027,14.3,14.39,90.1,0.076,89.9,90.2,14.69,14.73,12.44
2004,215,620,0.028,102.4,0.643,14.49,14.46,37.05,0.71,36.08,38.25,-0.002,0.012,-0.093,0,2.014,1.685,-3.36,4.715,14.68,0.046,14.6,14.75,14.36,0.011,14.34,14.39,89.9,0.053,89.8,90,14.74,14.78,12.45
2004,215,630,0.031,87.4,7.99,14.54,14.54,38.74,1.5,36.6,41.79,0,0,0,0,2.176,2.545,-3.36,6.601,14.84,0.054,14.74,14.92,14.41,0.039,14.34,14.47,89.9,0.058,89.8,90,14.8,14.88,12.46
2004,215,640,0.214,164.6,13.32,14.6,14.62,44.52,1.128,42.06,46.66,-0.002,0.012,-0.093,0,2.736,4.863,-7.09,11,15.01,0.051,14.92,15.08,14.48,0.015,14.45,14.51,89.7,0.142,89.4,89.9,14.92,14.97,12.48
2004,215,650,0.536,215.9,35.51,14.68,14.73,48.56,0.671,46.79,49.81,-0.005,0.02,-0.093,0,-1.209,6.223,-12.32,9.12,15.14,0.028,15.1,15.2,14.41,0.026,14.37,14.47,89,0.189,88.8,89.5,14.95,15,12.51
2004,215,700,0.541,138.2,22.19,14.77,14.83,51.67,0.898,49.94,54.54,-0.006,0.023,-0.093,0,3.054,3.38,-3.734,9.74,15.28,0.043,15.2,15.34,14.48,0.026,14.43,14.53,88.3,0.363,87.8,88.8,14.93,14.99,12.53
2004,215,710,0.01,144.4,16.25,14.85,14.92,57.85,1.247,54.94,60.59,-0.014,0.033,-0.093,0,13.54,2.842,7.23,17.92,15.47,0.06,15.34,15.56,14.48,0.033,14.43,14.57,87.8,0.043,87.7,87.9,14.99,15.13,12.57
2004,215,720,0.411,180.5,39.81,14.95,15.05,61.64,0.933,60.52,64.6,-0.011,0.03,-0.093,0,6.489,4.53,-4.107,14.77,15.65,0.053,15.55,15.74,14.57,0.033,14.52,14.66,87.3,0.127,87,87.7,15.18,15.26,12.62
2004,215,730,0.355,166,45.34,15.06,15.19,73.7,5.271,64.92,80.4,-0.028,0.043,-0.093,0,13.42,7.39,-1.867,28.6,15.81,0.052,15.73,15.89,14.66,0.033,14.61,14.72,86.7,0.177,86.2,86.9,15.36,15.44,12.72
2004,215,740,0.539,112.9,26.51,15.18,15.3,77.7,2.089,73.3,80.6,-0.014,0.033,-0.093,0,14.77,7.03,-2.613,27.97,16,0.047,15.89,16.05,14.7,0.024,14.65,14.74,86,0.241,85.6,86.4,15.31,15.35,12.8
2004,215,750,0.462,60.05,11.11,15.28,15.36,87.2,9.69,73.1,101.4,-0.02,0.038,-0.093,0,17.26,15.76,-4.853,44.95,16.09,0.054,16.04,16.22,14.75,0.04,14.69,14.85,85.7,0.141,85.5,86,15.35,15.51,12.9
2004,215,800,0.419,86.8,28.6,15.39,15.52,109.2,3.079,101.8,112.4,-0.031,0.044,-0.093,0,38.97,4.924,28.6,49.98,16.37,0.108,16.22,16.57,14.85,0.014,14.81,14.88,85.4,0.177,85.2,86,15.57,15.61,13.06
2004,215,810,0.405,125.4,10.51,15.53,15.7,99.2,8.75,88,117.5,-0.048,0.046,-0.093,0,23.32,14.4,3.457,59.4,16.69,0.066,16.57,16.81,14.88,0.014,14.85,14.91,85.1,0.179,84.9,85.5,15.56,15.64,13.08
2004,215,820,0.338,357.3,77.2,15.69,15.93,123.5,2.334,118,128.8,-0.043,0.046,-0.093,0,46.57,15.33,15.4,68.21,16.92,0.042,16.81,17.01,14.97,0.023,14.9,15,84.7,0.224,84.4,85.1,15.8,15.9,13.16
2004,215,830,0.155,342.2,60.75,15.88,16.18,135.4,4.853,129.8,142.7,-0.062,0.044,-0.093,0,66.32,9.37,45.57,84.5,17.27,0.109,17.01,17.39,15.15,0.096,14.98,15.27,84.6,0.344,83.8,84.9,16.15,16.35,13.2
2004,215,840,0.234,40.8,30.1,16.11,16.41,128.2,5.835,119.1,136.4,-0.065,0.043,-0.093,0,43.9,20.17,-5.6,70.1,17.57,0.088,17.39,17.68,15.16,0.027,15.11,15.22,83.6,0.263,83.1,83.9,16.18,16.24,13.19
2004,215,850,0.447,84.9,25.73,16.31,16.6,167.7,14.22,131.9,183.5,-0.067,0.045,-0.093,0.093,70,14.57,28.6,97.7,17.87,0.117,17.65,18.04,15.2,0.043,15.12,15.25,83,0.29,82.4,83.5,16.28,16.37,13.21
2004,215,900,0.481,86,22.2,16.53,16.91,185,1.112,182.3,186.9,-0.082,0.03,-0.093,0,80.2,12.67,54.37,106.5,18.34,0.117,18.05,18.52,15.39,0.109,15.22,15.57,82.6,0.174,82.2,82.9,16.62,16.82,13.2
2004,215,910,0.681,68.1,11.43,16.8,17.16,182.6,1.849,179.6,184.9,-0.07,0.04,-0.093,0,54.64,13.14,26.09,85.2,18.59,0.043,18.53,18.66,15.56,0.038,15.49,15.63,81.8,0.189,81.5,82.2,16.75,16.82,13.2
2004,215,920,1.233,44.35,6.618,17.04,17.28,190.4,7.62,183.6,209.1,-0.063,0.043,-0.093,0,21.77,11.97,1.571,55.31,18.51,0.116,18.32,18.68,15.49,0.085,15.36,15.64,81.7,0.267,81.1,82.2,16.6,16.73,13.19
2004,215,930,1.022,55.79,11.69,17.22,17.4,227.2,6.429,210.1,234.9,-0.053,0.046,-0.093,0,69.4,14.25,33.63,95.9,18.35,0.055,18.28,18.48,15.46,0.074,15.35,15.59,82.6,0.266,82.1,83,16.63,16.88,13.19
2004,215,940,0.794,55.52,12.58,17.42,17.7,240.8,3.076,235.2,245.3,-0.037,0.045,-0.093,0,87.4,16.16,63.17,129.2,18.71,0.15,18.49,18.98,15.64,0.041,15.57,15.71,82.4,0.214,82.1,82.9,16.97,17.1,13.18
2004,215,950,0.914,46.27,10.57,17.67,17.97,243.1,6.852,234.5,257.9,-0.022,0.039,-0.093,0,62.81,18.51,32.68,99,19.13,0.087,18.98,19.29,15.67,0.04,15.62,15.75,82.3,0.324,81.8,83,17.07,17.19,13.18
2004,215,1000,1.112,45.65,7.96,17.92,18.22,277.6,7.78,258.7,286.9,-0.017,0.036,-0.093,0,65.72,31.33,9.74,125.4,19.38,0.07,19.29,19.49,15.72,0.032,15.66,15.78,82.5,0.293,82,83,17.19,17.28,13.17
2004,215,1010,1.39,52.8,8.86,18.16,18.37,294.9,11.67,273.8,306.3,-0.012,0.032,-0.093,0,54.44,22.19,22.94,104,19.37,0.04,19.31,19.45,15.63,0.047,15.54,15.7,83.1,0.242,82.7,83.6,17.11,17.27,13.17
2004,215,1020,1.213,60.2,11.6,18.36,18.61,294,3.777,289.6,301.8,0,0,0,0,67.96,21.18,34.25,112.2,19.5,0.111,19.37,19.74,15.83,0.092,15.68,15.95,82.8,0.558,81.6,83.5,17.41,17.6,13.16
2004,215,1030,1.35,57.61,11.74,18.59,18.85,301.7,5.402,292.6,308,0,0,0,0,54.46,18.29,28.6,107.8,19.75,0.057,19.67,19.83,15.96,0.047,15.87,16.05,82.1,0.298,81.5,82.8,17.56,17.65,13.16
2004,215,1040,1.79,50.83,8.51,18.79,18.98,331.1,18.39,294.1,347.6,0,0,0,0,48.28,20.45,18.54,88.3,19.75,0.051,19.66,19.83,15.98,0.057,15.86,16.07,82.7,0.576,81.9,84.1,17.48,17.6,13.16
2004,215,1050,2.161,49.13,5.216,18.95,19,348.9,11.38,338.6,376.7,0,0,0,0,43.4,22.06,7.23,82,19.54,0.052,19.47,19.67,15.78,0.047,15.7,15.91,83.3,0.458,81.9,84.2,17.22,17.43,13.16
2004,215,1100,2.021,51.62,6.889,19.06,19.19,394.9,12.45,374.8,418.7,0,0,0,0,82.3,28.3,18.23,137.3,19.61,0.089,19.48,19.74,15.87,0.087,15.74,16.03,82.7,0.311,82.1,83.4,17.47,17.71,13.15
2004,215,1110,2.585,36.09,15.12,19.22,19.31,376.9,9.02,367.9,399.7,0,0,0,0,53.81,49.25,2.828,149.9,19.63,0.047,19.55,19.72,15.95,0.052,15.87,16.08,82.9,0.431,82,83.6,17.59,17.72,13.15
2004,215,1120,2.408,31.29,14.67,19.36,19.51,428.5,14.71,400.8,457.7,0,0,0,0,103.3,32.55,54.36,176.3,19.87,0.069,19.71,20,16.07,0.046,16,16.18,82.2,0.325,81.5,83,17.68,17.9,13.15
2004,215,1130,2.559,43.22,7.88,19.55,19.76,476.3,16.39,446,495.6,0,0,0,0,87.2,49.2,27.97,177.2,20.2,0.102,19.99,20.29,16.11,0.051,16.02,16.19,81.5,0.727,79.9,82.8,18,18.16,13.14
2004,215,1140,2.957,21.51,9.75,19.77,19.9,465.1,7.52,456.9,491.4,0,0,0,0,98.9,26.34,46.19,142.7,20.43,0.075,20.29,20.54,16.14,0.072,16.02,16.29,80.3,0.928,78.6,82.8,17.65,17.99,13.14
2004,215,1150,3.057,15.08,5.962,19.93,19.99,453.4,6.856,440.9,460.7,0,0,0,0,78.7,23.57,38.65,124.1,20.45,0.04,20.38,20.52,16.12,0.042,16.01,16.22,77.9,0.794,76.4,79.7,17.36,17.54,13.14
2004,215,1200,3.179,17.26,11.53,20.03,20.07,488.6,17.5,449.6,513.5,0,0,0,0,114,30.54,60.64,185.7,20.51,0.072,20.43,20.65,16.26,0.061,16.16,16.39,77,0.594,75.5,78.3,17.63,17.88,13.13
2004,215,1210,2.589,16.7,16.15,20.15,20.25,496.4,12.12,481.3,522.1,0,0,0,0,141.8,38.43,52.47,201.1,20.87,0.223,20.58,21.25,16.51,0.067,16.39,16.64,75.7,0.855,74.3,77.6,18.08,18.46,13.13
2004,215,1220,3.042,9.68,14.25,20.35,20.52,496.1,28.03,457.7,565.3,0,0,0,0,70.8,60.19,-48.89,156.5,21.38,0.082,21.26,21.55,16.64,0.064,16.53,16.77,75.1,0.976,72.9,76.9,17.99,18.28,13.13
2004,215,1230,3.155,8.58,15.52,20.51,20.52,531.8,31.37,481.1,598.4,0,0,0,0,102.9,40.88,28.59,188.2,21.35,0.03,21.3,21.41,16.67,0.059,16.51,16.75,76.4,0.703,75,78.6,17.91,18.08,13.12
2004,215,1240,2.802,354.5,25.78,20.6,20.48,447.7,35.11,398,536.9,0,0,0,0,79.2,41.12,24.19,178.1,21.19,0.089,21.05,21.33,16.56,0.062,16.45,16.7,78.1,0.601,77.2,79.5,17.77,17.89,13.12
2004,215,1250,3.595,338,22.53,20.58,20.27,415,52.73,326.8,508.9,0,0,0,0,42.07,50.37,-56.35,131.6,20.73,0.178,20.43,21.12,16.48,0.096,16.35,16.7,78.7,0.865,77,80.1,17.29,17.83,13.12
2004,215,1300,3.096,343.4,26.27,20.46,20.11,373.6,69.73,265.6,504.6,0,0,0,0,68.61,54.18,-27.99,160.9,20.25,0.147,19.93,20.43,16.41,0.093,16.2,16.54,79.9,0.653,78.9,81.6,17.28,17.56,13.12
2004,215,1310,3.469,319.2,24.35,20.28,19.79,297,25.34,262.8,342.9,0,0,0,0,24.23,37.34,-44.41,99.6,19.63,0.19,19.32,19.93,16.29,0.053,16.2,16.38,81.2,0.61,80.2,82.7,16.91,17.05,13.13
2004,215,1320,3.771,355.6,16.55,20.04,19.61,386.6,26.83,342.2,440.4,0,0,0,0,82.7,28.88,0.314,133.2,19.24,0.028,19.19,19.3,16.27,0.043,16.2,16.35,81.3,0.512,80.3,82.5,17.09,17.26,13.13
2004,215,1330,3.349,351.1,18.93,19.94,19.69,484.4,21.31,444.2,530.2,0,0,0,0,144,43.61,63.78,239.7,19.44,0.184,19.18,19.75,16.38,0.12,16.19,16.53,81.1,0.543,79.7,82,17.39,17.65,13.13
2004,215,1340,4.183,357.1,19.56,20,19.79,488.9,15.17,456.7,512.1,0,0,0,0,88.4,45.77,5.342,202.7,19.84,0.071,19.7,19.95,16.3,0.087,16.18,16.51,81.1,0.676,79.9,82.8,17.28,17.51,13.13
2004,215,1350,3.46,345.3,14.06,20.04,19.8,482,13.95,465.3,517.9,0,0,0,0,130.2,46.96,43.05,253.6,19.93,0.054,19.87,20.06,16.33,0.029,16.27,16.4,79.9,0.818,78.7,82.1,17.38,17.61,13.13
2004,215,1400,3.008,351.4,15.17,20.11,19.96,481.7,24.54,432.9,532.5,0,0,0,0,111.9,31.63,57.5,175.3,20.32,0.129,20.08,20.56,16.59,0.094,16.36,16.69,79.3,0.574,77.7,80.4,17.79,17.94,13.13
2004,215,1410,3.316,353.9,23.36,20.23,20.12,584.1,66.28,484.1,969,0,0,0,0,157.2,52.19,84.5,269.9,20.81,0.152,20.56,21.04,16.69,0.048,16.59,16.79,78.9,0.653,77.7,80.2,17.96,18.19,13.13
2004,215,1420,2.895,350.4,18.75,20.35,20.25,565.1,103.5,385.8,973,0,0,0,0,147.4,64.11,-4.105,280.3,21.33,0.179,21.02,21.59,16.86,0.109,16.72,17.08,78.7,0.457,77.8,79.8,18.18,18.39,13.12
2004,215,1430,3.861,323.1,16.58,20.45,20.24,649.6,179.5,257.4,911,0,0,0,0,152.5,103.7,-118.3,332.4,21.56,0.05,21.41,21.63,16.86,0.134,16.68,17.11,78.8,0.799,77.2,80.5,17.86,18.44,13.12
2004,215,1440,4.524,316.5,11.99,20.42,20.07,722,109.9,353.3,901,0,0,0,0,167.3,59.31,12.88,276.2,21.32,0.091,21.18,21.49,16.6,0.11,16.48,16.8,80.1,0.574,78.6,81,17.49,17.77,13.12
